年月,港口別,Total,國輪合計,外輪合計,進港合計,進港國輪,進港外輪,出港合計,出港國輪,出港外輪
200101,國際商港,17401318,7056396,10344922,12598632,4749782,7848850,4802686,2306614,2496072
200101,高雄港,10321711,4149231,6172480,7376529,2874554,4501975,2945182,1274677,1670505
200101,臺中港,3217020,1300458,1916562,2920363,1227484,1692879,296657,72974,223683
200101,基隆港,2153347,613710,1539637,1709473,523627,1185846,443874,90083,353791
200101,花蓮港,1339840,837004,502836,383045,54802,328243,956795,782202,174593
200101,蘇澳港,303601,115270,188331,146601,31770,114831,157000,83500,73500
200101,安平港,65799,40723,25076,62621,37545,25076,3178,3178,0
200101,臺北港,0,0,0,0,0,0,0,0,0
200102,國際商港,16704269,6138328,10565941,11880162,4144367,7735795,4824107,1993961,2830146
200102,高雄港,10318195,3663405,6654790,7443456,2603962,4839494,2874739,1059443,1815296
200102,臺中港,3003046,1063253,1939793,2602851,967499,1635352,400195,95754,304441
200102,基隆港,1931021,555797,1375224,1422166,457415,964751,508855,98382,410473
200102,花蓮港,1074315,690348,383967,184062,38200,145862,890253,652148,238105
200102,蘇澳港,293385,115405,177980,150555,32405,118150,142830,83000,59830
200102,安平港,84307,50120,34187,77072,44886,32186,7235,5234,2001
200102,臺北港,0,0,0,0,0,0,0,0,0
200103,國際商港,19072322,6506746,12565576,13623769,4161768,9462001,5448553,2344978,3103575
200103,高雄港,11139853,3398142,7741711,8055949,2221504,5834445,3083904,1176638,1907266
200103,臺中港,3366724,1319730,2046994,2916431,1226296,1690135,450293,93434,356859
200103,基隆港,2545816,713734,1832082,1965435,594869,1370566,580381,118865,461516
200103,花蓮港,1370583,894016,476567,258363,55610,202753,1112220,838406,273814
200103,蘇澳港,568932,132250,436682,354692,21090,333602,214240,111160,103080
200103,安平港,80414,48874,31540,72899,42399,30500,7515,6475,1040
200103,臺北港,0,0,0,0,0,0,0,0,0
200104,國際商港,20108602,6808047,13300555,14788094,4632666,10155428,5320508,2175381,3145127
200104,高雄港,11721480,3842457,7879023,8677910,2747784,5930126,3043570,1094673,1948897
200104,臺中港,3650697,1161061,2489636,3226626,1077927,2148699,424071,83134,340937
200104,基隆港,3071424,812503,2258921,2433021,700879,1732142,638403,111624,526779
200104,花蓮港,1263512,834769,428743,216184,40240,175944,1047328,794529,252799
200104,蘇澳港,308820,122584,186236,155237,35372,119865,153583,87212,66371
200104,安平港,92669,34673,57996,79116,30464,48652,13553,4209,9344
200104,臺北港,0,0,0,0,0,0,0,0,0
200105,國際商港,19452389,6930907,12521482,14291754,4661169,9630585,5160635,2269738,2890897
200105,高雄港,10653290,3262218,7391072,7804698,2196582,5608116,2848592,1065636,1782956
200105,臺中港,4052651,1541897,2510754,3608242,1442630,2165612,444409,99267,345142
200105,基隆港,2828477,1001597,1826880,2291376,900482,1390894,537101,101115,435986
200105,花蓮港,1514786,990792,523994,396548,104087,292461,1118238,886705,231533
200105,蘇澳港,354404,122011,232393,153490,8947,144543,200914,113064,87850
200105,安平港,48781,12392,36389,37400,8441,28959,11381,3951,7430
200105,臺北港,0,0,0,0,0,0,0,0,0
200106,國際商港,17684070,6022232,11661838,12468975,3790044,8678931,5215095,2232188,2982907
200106,高雄港,10144609,3468447,6676162,7187483,2349961,4837522,2957126,1118486,1838640
200106,臺中港,3218998,953678,2265320,2829354,867848,1961506,389644,85830,303814
200106,基隆港,2305216,609169,1696047,1726893,501574,1225319,578323,107595,470728
200106,花蓮港,1294615,849585,445030,259014,16500,242514,1035601,833085,202516
200106,蘇澳港,662495,117596,544899,416943,34396,382547,245552,83200,162352
200106,安平港,58137,23757,34380,49288,19765,29523,8849,3992,4857
200106,臺北港,0,0,0,0,0,0,0,0,0
200107,國際商港,19322573,7513012,11809561,14247139,5210887,9036252,5075434,2302125,2773309
200107,高雄港,11020221,4147682,6872539,8063449,2918683,5144766,2956772,1228999,1727773
200107,臺中港,4060964,1588465,2472499,3658482,1502231,2156251,402482,86234,316248
200107,基隆港,2445568,764315,1681253,1897152,683003,1214149,548416,81312,467104
200107,花蓮港,1342622,863632,478990,310515,51785,258730,1032107,811847,220260
200107,蘇澳港,336516,113510,223006,208075,24393,183682,128441,89117,39324
200107,安平港,116682,35408,81274,109466,30792,78674,7216,4616,2600
200107,臺北港,0,0,0,0,0,0,0,0,0
200108,國際商港,18046066,7375660,10670406,12835211,4898700,7936511,5210855,2476960,2733895
200108,高雄港,10243799,3893819,6349980,7185890,2557347,4628543,3057909,1336472,1721437
200108,臺中港,3135774,1065739,2070035,2739389,958050,1781339,396385,107689,288696
200108,基隆港,2826111,1305287,1520824,2266695,1189050,1077645,559416,116237,443179
200108,花蓮港,1319268,902012,417256,308121,68432,239689,1011147,833580,177567
200108,蘇澳港,445886,158161,287725,265656,79061,186595,180230,79100,101130
200108,安平港,75228,50642,24586,69460,46760,22700,5768,3882,1886
200108,臺北港,0,0,0,0,0,0,0,0,0
200109,國際商港,18134560,6632483,11502077,13607087,4674535,8932552,4527473,1957948,2569525
200109,高雄港,10762995,3601066,7161929,8021038,2574898,5446140,2741957,1026168,1715789
200109,臺中港,3919959,1344290,2575669,3510550,1253641,2256909,409409,90649,318760
200109,基隆港,2131228,820631,1310597,1659579,754189,905390,471649,66442,405207
200109,花蓮港,1047287,702686,344601,284101,39131,244970,763186,663555,99631
200109,蘇澳港,220747,122634,98113,86877,17234,69643,133870,105400,28470
200109,安平港,52344,41176,11168,44942,35442,9500,7402,5734,1668
200109,臺北港,0,0,0,0,0,0,0,0,0
200110,國際商港,19448376,7149021,12299355,13665339,4704771,8960568,5783037,2444250,3338787
200110,高雄港,11455583,3714375,7741208,8074078,2450961,5623117,3381505,1263414,2118091
200110,臺中港,3282770,1339461,1943309,2820496,1220517,1599979,462274,118944,343330
200110,基隆港,2720595,903239,1817356,2087383,800722,1286661,633212,102517,530695
200110,花蓮港,1473197,952621,520576,302837,106732,196105,1170360,845889,324471
200110,蘇澳港,393595,161811,231784,263545,53961,209584,130050,107850,22200
200110,安平港,122636,77514,45122,117000,71878,45122,5636,5636,0
200110,臺北港,0,0,0,0,0,0,0,0,0
200111,國際商港,16928426,7105988,9822438,12268726,5015037,7253689,4659700,2090951,2568749
200111,高雄港,9166242,3486877,5679365,6770651,2667968,4102683,2395591,818909,1576682
200111,臺中港,3158912,1400431,1758481,2777424,1306618,1470806,381488,93813,287675
200111,基隆港,2574821,972614,1602207,2032355,876940,1155415,542466,95674,446792
200111,花蓮港,1460592,1042548,418044,264491,59705,204786,1196101,982843,213258
200111,蘇澳港,486161,141171,344990,348361,45671,302690,137800,95500,42300
200111,安平港,81698,62347,19351,75444,58135,17309,6254,4212,2042
200111,臺北港,0,0,0,0,0,0,0,0,0
200112,國際商港,18981423,6899060,12082363,13801515,4634122,9167393,5179908,2264938,2914970
200112,高雄港,10971253,3534195,7437058,8181417,2539204,5642213,2789836,994991,1794845
200112,臺中港,3332231,1228937,2103294,2872031,1157837,1714194,460200,71100,389100
200112,基隆港,2753338,888703,1864635,2167798,792836,1374962,585540,95867,489673
200112,花蓮港,1426715,1073705,353010,202782,71349,131433,1223933,1002356,221577
200112,蘇澳港,360006,124164,235842,242731,26664,216067,117275,97500,19775
200112,安平港,137880,49356,88524,134756,46232,88524,3124,3124,0
200112,臺北港,0,0,0,0,0,0,0,0,0
200201,國際商港,17314846,6333699,10981147,11911073,4068326,7842747,5403773,2265373,3138400
200201,高雄港,9682705,3078000,6604705,6820442,2205753,4614689,2862263,872247,1990016
200201,臺中港,2745910,1050778,1695132,2251193,960162,1291031,494717,90616,404101
200201,基隆港,2591608,830798,1760810,2040257,739006,1301251,551351,91792,459559
200201,花蓮港,1614967,1140837,474130,262714,41837,220877,1352253,1099000,253253
200201,蘇澳港,454865,167194,287671,317593,58997,258596,137272,108197,29075
200201,安平港,224791,66092,158699,218874,62571,156303,5917,3521,2396
200201,臺北港,0,0,0,0,0,0,0,0,0
200202,國際商港,15314504,5854965,9459539,11259944,4251616,7008328,4054560,1603349,2451211
200202,高雄港,8656439,3057116,5599323,6454555,2343223,4111332,2201884,713893,1487991
200202,臺中港,3014161,1117122,1897039,2680900,1064079,1616821,333261,53043,280218
200202,基隆港,1880802,726712,1154090,1484910,661612,823298,395892,65100,330792
200202,花蓮港,1265288,773171,492117,289928,93636,196292,975360,679535,295825
200202,蘇澳港,353406,128572,224834,210876,40837,170039,142530,87735,54795
200202,安平港,144408,52272,92136,138775,48229,90546,5633,4043,1590
200202,臺北港,0,0,0,0,0,0,0,0,0
200203,國際商港,20725927,7725067,13000860,14788830,5406135,9382695,5937097,2318932,3618165
200203,高雄港,11774140,4070891,7703249,8503127,3001642,5501485,3271013,1069249,2201764
200203,臺中港,3683286,1736762,1946524,3189834,1664996,1524838,493452,71766,421686
200203,基隆港,2797969,724712,2073257,2127571,635780,1491791,670398,88932,581466
200203,花蓮港,1839831,1017099,822732,473031,55208,417823,1366800,961891,404909
200203,蘇澳港,421132,145291,275841,292739,23431,269308,128393,121860,6533
200203,安平港,209569,30312,179257,202528,25078,177450,7041,5234,1807
200203,臺北港,0,0,0,0,0,0,0,0,0
200204,國際商港,19389742,6881018,12508724,14102504,4814270,9288234,5287238,2066748,3220490
200204,高雄港,10756601,3466321,7290280,7989586,2680368,5309218,2767015,785953,1981062
200204,臺中港,3696350,1507613,2188737,3255904,1438713,1817191,440446,68900,371546
200204,基隆港,2701752,672920,2028832,2066040,562990,1503050,635712,109930,525782
200204,花蓮港,1565429,1010954,554475,270850,47043,223807,1294579,963911,330668
200204,蘇澳港,457475,210210,247265,315665,78000,237665,141810,132210,9600
200204,安平港,212135,13000,199135,204459,7156,197303,7676,5844,1832
200204,臺北港,0,0,0,0,0,0,0,0,0
200205,國際商港,20569129,6878896,13690233,15275752,4610531,10665221,5293377,2268365,3025012
200205,高雄港,11033377,3225358,7808019,8204491,2332931,5871560,2828886,892427,1936459
200205,臺中港,4373216,1594505,2778711,3866321,1469123,2397198,506895,125382,381513
200205,基隆港,2955079,821890,2133189,2325805,727937,1597868,629274,93953,535321
200205,花蓮港,1577572,1018516,559056,409960,4623,405337,1167612,1013893,153719
200205,蘇澳港,379261,161639,217622,222561,22939,199622,156700,138700,18000
200205,安平港,250624,56988,193636,246614,52978,193636,4010,4010,0
200205,臺北港,0,0,0,0,0,0,0,0,0
200206,國際商港,20198677,7269677,12929000,14981829,5134628,9847201,5216848,2135049,3081799
200206,高雄港,11399989,3813148,7586841,8482703,2887506,5595197,2917286,925642,1991644
200206,臺中港,3875139,1560417,2314722,3459436,1456716,2002720,415703,103701,312002
200206,基隆港,2815999,796384,2019615,2173437,696890,1476547,642562,99494,543068
200206,花蓮港,1456493,914508,541985,350346,31580,318766,1106147,882928,223219
200206,蘇澳港,428854,141589,287265,302510,23589,278921,126344,118000,8344
200206,安平港,222203,43631,178572,213397,38347,175050,8806,5284,3522
200206,臺北港,0,0,0,0,0,0,0,0,0
200207,國際商港,20403367,7143235,13260132,14970021,4786053,10183968,5433346,2357182,3076164
200207,高雄港,11013381,3462556,7550825,8154994,2443848,5711146,2858387,1018708,1839679
200207,臺中港,3890178,1604803,2285375,3471732,1516917,1954815,418446,87886,330560
200207,基隆港,2823799,753240,2070559,2181914,649816,1532098,641885,103424,538461
200207,花蓮港,1924350,1125635,798715,607338,94323,513015,1317012,1031312,285700
200207,蘇澳港,489269,162270,326999,298119,51170,246949,191150,111100,80050
200207,安平港,262390,34731,227659,255924,29979,225945,6466,4752,1714
200207,臺北港,0,0,0,0,0,0,0,0,0
200208,國際商港,20247558,7011443,13236115,14753420,4456156,10297264,5494138,2555287,2938851
200208,高雄港,11203370,3542540,7660830,8250483,2491363,5759120,2952887,1051177,1901710
200208,臺中港,3721034,1228601,2492433,3335903,1135415,2200488,385131,93186,291945
200208,基隆港,2924018,799408,2124610,2296891,702212,1594679,627127,97196,529931
200208,花蓮港,1600851,1204090,396761,277872,30261,247611,1322979,1173829,149150
200208,蘇澳港,583225,186859,396366,384175,52309,331866,199050,134550,64500
200208,安平港,215060,49945,165115,208096,44596,163500,6964,5349,1615
200208,臺北港,0,0,0,0,0,0,0,0,0
200209,國際商港,21788548,7320945,14467603,16395749,5025180,11370569,5392799,2295765,3097034
200209,高雄港,11338045,3299596,8038449,8568363,2393708,6174655,2769682,905888,1863794
200209,臺中港,3951473,1516585,2434888,3505536,1416409,2089127,445937,100176,345761
200209,基隆港,3842226,1112998,2729228,3196185,1017631,2178554,646041,95367,550674
200209,花蓮港,1938763,1225323,713440,615551,111629,503922,1323212,1113694,209518
200209,蘇澳港,479709,122055,357654,278202,46445,231757,201507,75610,125897
200209,安平港,238332,44388,193944,231912,39358,192554,6420,5030,1390
200209,臺北港,0,0,0,0,0,0,0,0,0
200210,國際商港,20895609,6982127,13913482,15381070,4560791,10820279,5514539,2421336,3093203
200210,高雄港,11009021,2943819,8065202,8233860,1981980,6251880,2775161,961839,1813322
200210,臺中港,3671381,1568655,2102726,3232107,1478875,1753232,439274,89780,349494
200210,基隆港,3446804,1062770,2384034,2771548,957541,1814007,675256,105229,570027
200210,花蓮港,1851388,1209271,642117,421875,58183,363692,1429513,1151088,278425
200210,蘇澳港,518738,140330,378408,332334,33940,298394,186404,106390,80014
200210,安平港,398277,57282,340995,389346,50272,339074,8931,7010,1921
200210,臺北港,0,0,0,0,0,0,0,0,0
200211,國際商港,20239380,6825806,13413574,14591040,4312876,10278164,5648340,2512930,3135410
200211,高雄港,11184120,3030075,8154045,8258785,2030887,6227898,2925335,999188,1926147
200211,臺中港,3570918,1524533,2046385,3113412,1418737,1694675,457506,105796,351710
200211,基隆港,2830453,759851,2070602,2189422,666261,1523161,641031,93590,547441
200211,花蓮港,1953914,1279281,674633,523982,114718,409264,1429932,1164563,265369
200211,蘇澳港,385513,173974,211539,197431,28574,168857,188082,145400,42682
200211,安平港,314462,58092,256370,308008,53699,254309,6454,4393,2061
200211,臺北港,0,0,0,0,0,0,0,0,0
200212,國際商港,19258926,5851023,13407903,13669806,3430997,10238809,5589120,2420026,3169094
200212,高雄港,10362337,2138472,8223865,7501397,1327057,6174340,2860940,811415,2049525
200212,臺中港,3417424,1293670,2123754,2993962,1199199,1794763,423462,94471,328991
200212,基隆港,2931682,850671,2081011,2248591,746415,1502176,683091,104256,578835
200212,花蓮港,1745376,1332107,413269,309557,50320,259237,1435819,1281787,154032
200212,安平港,444723,77502,367221,439323,74305,365018,5400,3197,2203
200212,蘇澳港,357384,158601,198783,176976,33701,143275,180408,124900,55508
200212,臺北港,0,0,0,0,0,0,0,0,0
200301,國際商港,21880761,7269718,14611043,16453071,4956126,11496945,5427690,2313592,3114098
200301,高雄港,11564391,3087357,8477034,8762661,2195259,6567402,2801730,892098,1909632
200301,臺中港,4456816,1614045,2842771,3993432,1519288,2474144,463384,94757,368627
200301,基隆港,3052906,1128706,1924200,2479574,1044256,1435318,573332,84450,488882
200301,花蓮港,1812227,1183416,628811,399710,83698,316012,1412517,1099718,312799
200301,蘇澳港,565595,217868,347727,397295,79568,317727,168300,138300,30000
200301,安平港,428826,38326,390500,420399,34057,386342,8427,4269,4158
200301,臺北港,0,0,0,0,0,0,0,0,0
200302,國際商港,16418390,4808972,11609418,11724766,3026047,8698719,4693624,1782925,2910699
200302,高雄港,9573153,2468770,7104383,7070188,1761218,5308970,2502965,707552,1795413
200302,臺中港,2749191,698884,2050307,2340961,616172,1724789,408230,82712,325518
200302,基隆港,1955981,554140,1401841,1390108,477727,912381,565873,76413,489460
200302,花蓮港,1283206,864574,418632,258847,55292,203555,1024359,809282,215077
200302,蘇澳港,514722,182797,331925,329627,81197,248430,185095,101600,83495
200302,安平港,342137,39807,302330,335035,34441,300594,7102,5366,1736
200302,臺北港,0,0,0,0,0,0,0,0,0
200303,國際商港,22131964,7352569,14779395,16408735,5178111,11230624,5723229,2174458,3548771
200303,高雄港,12084924,3354688,8730236,8998477,2526444,6472033,3086447,828244,2258203
200303,臺中港,4056589,1489988,2566601,3582760,1394281,2188479,473829,95707,378122
200303,基隆港,3210977,1092687,2118290,2495686,1006317,1489369,715291,86370,628921
200303,花蓮港,1815123,1137932,677191,518857,84645,434212,1296266,1053287,242979
200303,安平港,531327,49470,481857,525321,45570,479751,6006,3900,2106
200303,蘇澳港,433024,227804,205220,287634,120854,166780,145390,106950,38440
200303,臺北港,0,0,0,0,0,0,0,0,0
200304,國際商港,20898693,6084047,14814646,16002555,4250417,11752138,4896138,1833630,3062508
200304,高雄港,11353350,2733007,8620343,8483969,1949552,6534417,2869381,783455,2085926
200304,臺中港,4574585,1488100,3086485,4197597,1415057,2782540,376988,73043,303945
200304,基隆港,2880560,842383,2038177,2309473,779412,1530061,571087,62971,508116
200304,花蓮港,1194296,863429,330867,245401,29142,216259,948895,834287,114608
200304,安平港,493185,38487,454698,486489,34013,452476,6696,4474,2222
200304,蘇澳港,402717,118641,284076,279626,43241,236385,123091,75400,47691
200304,臺北港,0,0,0,0,0,0,0,0,0
200305,國際商港,20631150,6579239,14051911,15047458,4305948,10741510,5583692,2273291,3310401
200305,高雄港,12433486,3382268,9051218,9305344,2420161,6885183,3128142,962107,2166035
200305,臺中港,3423852,1071442,2352410,3007975,998696,2009279,415877,72746,343131
200305,基隆港,2591267,844387,1746880,1981454,771305,1210149,609813,73082,536731
200305,花蓮港,1421740,1167392,254348,123118,45617,77501,1298622,1121775,176847
200305,安平港,464368,51357,413011,459637,46626,413011,4731,4731,0
200305,蘇澳港,296437,62393,234044,169930,23543,146387,126507,38850,87657
200305,臺北港,0,0,0,0,0,0,0,0,0
200306,國際商港,19797461,5935047,13862414,14258519,3819676,10438843,5538942,2115371,3423571
200306,高雄港,10438460,2562047,7876413,7440955,1725048,5715907,2997505,836999,2160506
200306,臺中港,4039807,1365020,2674787,3590661,1307218,2283443,449146,57802,391344
200306,基隆港,3005583,727222,2278361,2307070,667270,1639800,698513,59952,638561
200306,花蓮港,1503026,1088534,414492,290651,28102,262549,1212375,1060432,151943
200306,蘇澳港,442266,145657,296609,266972,49907,217065,175294,95750,79544
200306,安平港,368319,46567,321752,362210,42131,320079,6109,4436,1673
200306,臺北港,0,0,0,0,0,0,0,0,0
200307,國際商港,21183293,6468436,14714857,15110242,4017981,11092261,6073051,2450455,3622596
200307,高雄港,11806191,3082703,8723488,8424018,1962031,6461987,3382173,1120672,2261501
200307,臺中港,3842984,1243792,2599192,3354323,1200759,2153564,488661,43033,445628
200307,基隆港,2954907,802228,2152679,2337804,748721,1589083,617103,53507,563596
200307,花蓮港,1578435,1108025,470410,219605,5431,214174,1358830,1102594,256236
200307,蘇澳港,678301,190330,487971,461883,65430,396453,216418,124900,91518
200307,安平港,322475,41358,281117,312609,35609,277000,9866,5749,4117
200307,臺北港,0,0,0,0,0,0,0,0,0
200308,國際商港,19287171,5297248,13989923,13513958,2894002,10619956,5773213,2403246,3369967
200308,高雄港,10274351,2140907,8133444,7140693,1067080,6073613,3133658,1073827,2059831
200308,臺中港,3807400,1054510,2752890,3330226,1008479,2321747,477174,46031,431143
200308,基隆港,2925859,691592,2234267,2227374,640981,1586393,698485,50611,647874
200308,花蓮港,1524918,1196521,328397,260848,66051,194797,1264070,1130470,133600
200308,蘇澳港,416233,165235,250998,222241,66835,155406,193992,98400,95592
200308,安平港,338410,48483,289927,332576,44576,288000,5834,3907,1927
200308,臺北港,0,0,0,0,0,0,0,0,0
200309,國際商港,20941205,6018690,14922515,15094592,3798559,11296033,5846613,2220131,3626482
200309,高雄港,12609247,2896018,9713229,9389718,2050903,7338815,3219529,845115,2374414
200309,臺中港,3378722,1073422,2305300,2925426,985521,1939905,453296,87901,365395
200309,基隆港,2836884,703375,2133509,2171619,655431,1516188,665265,47944,617321
200309,花蓮港,1413096,1165146,247950,87188,7128,80060,1325908,1158018,167890
200309,蘇澳港,462009,149805,312204,284070,71505,212565,177939,78300,99639
200309,安平港,241247,30924,210323,236571,28071,208500,4676,2853,1823
200309,臺北港,0,0,0,0,0,0,0,0,0
200310,國際商港,20317537,6193433,14124104,14293278,3718969,10574309,6024259,2474464,3549795
200310,高雄港,11212975,2888384,8324591,7938234,1888708,6049526,3274741,999676,2275065
200310,臺中港,3762081,1075455,2686626,3240286,1020344,2219942,521795,55111,466684
200310,基隆港,3014320,752282,2262038,2310562,700956,1609606,703758,51326,652432
200310,花蓮港,1592019,1296577,295442,252610,33461,219149,1339409,1263116,76293
200310,蘇澳港,415602,125100,290502,238186,25200,212986,177416,99900,77516
200310,安平港,320540,55635,264905,313400,50300,263100,7140,5335,1805
200310,臺北港,0,0,0,0,0,0,0,0,0
200311,國際商港,21582525,6703639,14878886,15402709,4012441,11390268,6179816,2691198,3488618
200311,高雄港,12433904,3166384,9267520,8819951,1782195,7037756,3613953,1384189,2229764
200311,臺中港,3957413,1150263,2807150,3424413,1088125,2336288,533000,62138,470862
200311,基隆港,3104325,999275,2105050,2430290,949093,1481197,674035,50182,623853
200311,花蓮港,1540393,1221666,318727,266474,85963,180511,1273919,1135703,138216
200311,安平港,310913,63474,247439,301738,59238,242500,9175,4236,4939
200311,蘇澳港,235577,102577,133000,159843,47827,112016,75734,54750,20984
200311,臺北港,0,0,0,0,0,0,0,0,0
200312,國際商港,22305497,7033785,15271712,15561570,4072622,11488948,6743927,2961163,3782764
200312,高雄港,13047776,3841817,9205959,9141810,2325725,6816085,3905966,1516092,2389874
200312,臺中港,3593506,977488,2616018,2978388,912741,2065647,615118,64747,550371
200312,基隆港,2947015,733867,2213148,2312525,674608,1637917,634490,59259,575231
200312,花蓮港,1860323,1307208,553115,390897,39431,351466,1469426,1267777,201649
200312,蘇澳港,517735,114936,402799,406263,64736,341527,111472,50200,61272
200312,安平港,339142,58469,280673,331687,55381,276306,7455,3088,4367
200312,臺北港,0,0,0,0,0,0,0,0,0
200401,國際商港,19889177,7045245,12843932,13758364,4319455,9438909,6130813,2725790,3405023
200401,高雄港,10953111,3104379,7848732,7559007,1884840,5674167,3394104,1219539,2174565
200401,臺中港,3610355,1064031,2546324,3033980,999623,2034357,576375,64408,511967
200401,基隆港,2571348,788014,1783334,2015223,744255,1270968,556125,43759,512366
200401,花蓮港,1601227,1304747,296480,200879,31335,169544,1400348,1273412,126936
200401,臺北港,565242,565242,0,565242,565242,0,0,0,0
200401,蘇澳港,362166,157948,204218,164435,35762,128673,197731,122186,75545
200401,安平港,225728,60884,164844,219598,58398,161200,6130,2486,3644
200402,國際商港,23935318,6638439,17296879,18030922,4382616,13648306,5904396,2255823,3648573
200402,高雄港,13970773,3004316,10966457,10592038,1966134,8625904,3378735,1038182,2340553
200402,臺中港,4676323,1102749,3573574,4219322,1052876,3166446,457001,49873,407128
200402,基隆港,2706156,767618,1938538,2056675,714095,1342580,649481,53523,595958
200402,花蓮港,1505344,1184429,320915,267193,111080,156113,1238151,1073349,164802
200402,臺北港,452698,442939,9759,452698,442939,9759,0,0,0
200402,蘇澳港,401921,71059,330862,229156,33909,195247,172765,37150,135615
200402,安平港,222103,65329,156774,213840,61583,152257,8263,3746,4517
200403,國際商港,24062759,7565483,16497276,17376406,4690520,12685886,6686353,2874963,3811390
200403,高雄港,13202126,3343327,9858799,9409419,2006718,7402701,3792707,1336609,2456098
200403,臺中港,4244313,1166794,3077519,3767932,1100105,2667827,476381,66689,409692
200403,基隆港,3272118,865882,2406236,2582953,806404,1776549,689165,59478,629687
200403,花蓮港,1762360,1412691,349669,279980,65661,214319,1482380,1347030,135350
200403,蘇澳港,678758,116101,562657,439147,55501,383646,239611,60600,179011
200403,臺北港,590652,586294,4358,590382,586024,4358,270,270,0
200403,安平港,312432,74394,238038,306593,70107,236486,5839,4287,1552
200404,國際商港,22205842,6858895,15346947,15609731,4117877,11491854,6596111,2741018,3855093
200404,高雄港,12108719,2821214,9287505,8434274,1656941,6777333,3674445,1164273,2510172
200404,臺中港,3993160,1004867,2988293,3474505,936498,2538007,518655,68369,450286
200404,基隆港,3146467,961132,2185335,2483133,891029,1592104,663334,70103,593231
200404,花蓮港,1829702,1444053,385649,268657,23407,245250,1561045,1420646,140399
200404,臺北港,515870,512317,3553,515036,511483,3553,834,834,0
200404,蘇澳港,307789,55912,251877,136660,42262,94398,171129,13650,157479
200404,安平港,304135,59400,244735,297466,56257,241209,6669,3143,3526
200405,國際商港,24688570,7660950,17027620,17703104,4677275,13025829,6985466,2983675,4001791
200405,高雄港,13066766,2988203,10078563,9180983,1705368,7475615,3885783,1282835,2602948
200405,臺中港,4490029,1313283,3176746,3904731,1230583,2674148,585298,82700,502598
200405,基隆港,3792714,1061986,2730728,3074019,984647,2089372,718695,77339,641356
200405,花蓮港,1847038,1524850,322188,233373,34446,198927,1613665,1490404,123261
200405,臺北港,625608,619604,6004,624960,618956,6004,648,648,0
200405,蘇澳港,484342,87313,397029,308386,40213,268173,175956,47100,128856
200405,安平港,382073,65711,316362,376652,63062,313590,5421,2649,2772
200406,國際商港,24351532,7779542,16571990,17808087,5013694,12794393,6543445,2765848,3777597
200406,高雄港,14197330,3714011,10483319,10366195,2396260,7969935,3831135,1317751,2513384
200406,臺中港,3965059,1072748,2892311,3469474,992315,2477159,495585,80433,415152
200406,基隆港,3211721,948351,2263370,2528948,889778,1639170,682773,58573,624200
200406,花蓮港,1571887,1316778,255109,133014,24859,108155,1438873,1291919,146954
200406,臺北港,583323,583323,0,582621,582621,0,702,702,0
200406,蘇澳港,419485,62878,356607,332782,51378,281404,86703,11500,75203
200406,安平港,402727,81453,321274,395053,76483,318570,7674,4970,2704
200407,國際商港,23262837,7050513,16212324,16529704,4090675,12439029,6733133,2959838,3773295
200407,高雄港,11558380,2305485,9252895,7679781,1088281,6591500,3878599,1217204,2661395
200407,臺中港,5051130,1399942,3651188,4554163,1307845,3246318,496967,92097,404870
200407,基隆港,3108713,976540,2132173,2466876,908744,1558132,641837,67796,574041
200407,花蓮港,2080780,1595260,485520,422684,35756,386928,1658096,1559504,98592
200407,臺北港,646932,636020,10912,646122,635210,10912,810,810,0
200407,安平港,412011,65669,346342,405702,62142,343560,6309,3527,2782
200407,蘇澳港,404891,71597,333294,354376,52697,301679,50515,18900,31615
200408,國際商港,23685992,7757187,15928805,17230415,5050828,12179587,6455577,2706359,3749218
200408,高雄港,12902924,3326127,9576797,9327280,2228027,7099253,3575644,1098100,2477544
200408,臺中港,4368797,1315733,3053064,3873863,1229150,2644713,494934,86583,408351
200408,基隆港,3018676,865860,2152816,2357071,804518,1552553,661605,61342,600263
200408,花蓮港,1737008,1471985,265023,233885,64412,169473,1503123,1407573,95550
200408,臺北港,681867,662544,19323,680908,661585,19323,959,959,0
200408,蘇澳港,526128,49166,476962,312236,0,312236,213892,49166,164726
200408,安平港,450592,65772,384820,445172,63136,382036,5420,2636,2784
200409,國際商港,22965250,6979967,15985283,16494150,4161921,12332229,6471100,2818046,3653054
200409,高雄港,12724865,2919395,9805470,9022278,1655240,7367038,3702587,1264155,2438432
200409,臺中港,4067979,1129120,2938859,3607625,1033122,2574503,460354,95998,364356
200409,基隆港,3017944,848818,2169126,2354170,793571,1560599,663774,55247,608527
200409,花蓮港,1671470,1309717,361753,259682,4929,254753,1411788,1304788,107000
200409,臺北港,594262,572413,21849,593150,571301,21849,1112,1112,0
200409,蘇澳港,511177,145610,365567,286948,53495,233453,224229,92115,132114
200409,安平港,377553,54894,322659,370297,50263,320034,7256,4631,2625
200410,國際商港,23796173,7008397,16787776,17238916,4070727,13168189,6557257,2937670,3619587
200410,高雄港,13531464,3231413,10300051,9765329,1890365,7874964,3766135,1341048,2425087
200410,臺中港,4098709,769988,3328721,3600824,675649,2925175,497885,94339,403546
200410,基隆港,3051180,845398,2205782,2416528,785887,1630641,634652,59511,575141
200410,花蓮港,1723841,1444010,279831,177562,42830,134732,1546279,1401180,145099
200410,臺北港,611469,597872,13597,610794,597197,13597,675,675,0
200410,安平港,395666,67198,328468,389695,62761,326934,5971,4437,1534
200410,蘇澳港,383844,52518,331326,278184,16038,262146,105660,36480,69180
200411,國際商港,22344003,7520019,14823984,15626990,4425071,11201919,6717013,3094948,3622065
200411,高雄港,12053515,2770723,9282792,8414849,1450791,6964058,3638666,1319932,2318734
200411,臺中港,3581295,1242025,2339270,3003949,1143615,1860334,577346,98410,478936
200411,基隆港,3149332,1070864,2078468,2519765,1019079,1500686,629567,51785,577782
200411,花蓮港,1932748,1600112,332636,291864,25380,266484,1640884,1574732,66152
200411,臺北港,682062,667310,14752,680874,666122,14752,1188,1188,0
200411,蘇澳港,551721,99853,451868,325914,54503,271411,225807,45350,180457
200411,安平港,393330,69132,324198,389775,65581,324194,3555,3551,4
200412,國際商港,23449983,7961245,15488738,17016622,4949141,12067481,6433361,3012104,3421257
200412,高雄港,12197971,2925684,9272287,8703236,1735327,6967909,3494735,1190357,2304378
200412,臺中港,4645762,1409126,3236636,4212745,1322596,2890149,433017,86530,346487
200412,基隆港,3172568,1081498,2091070,2602910,1030447,1572463,569658,51051,518607
200412,花蓮港,1998697,1725724,272973,206718,80463,126255,1791979,1645261,146718
200412,臺北港,693249,677499,15750,691677,675927,15750,1572,1572,0
200412,蘇澳港,436229,93077,343152,300814,59527,241287,135415,33550,101865
200412,安平港,305507,48637,256870,298522,44854,253668,6985,3783,3202
200501,國際商港,25895078,8036596,17858482,18883259,4812648,14070611,7011819,3223948,3787871
200501,高雄港,14028995,3133767,10895228,10165139,1836887,8328252,3863856,1296880,2566976
200501,臺中港,4697221,1336992,3360229,4187925,1241614,2946311,509296,95378,413918
200501,基隆港,3156774,921202,2235572,2503748,844344,1659404,653026,76858,576168
200501,花蓮港,2174154,1723821,450333,389993,33647,356346,1784161,1690174,93987
200501,臺北港,749835,726174,23661,748782,725121,23661,1053,1053,0
200501,蘇澳港,628987,115269,513718,436106,55189,380917,192881,60080,132801
200501,安平港,459112,79371,379741,451566,75846,375720,7546,3525,4021
200502,國際商港,18258372,6093079,12165293,12919709,3738732,9180977,5338663,2354347,2984316
200502,高雄港,9582836,2418242,7164594,6515483,1445185,5070298,3067353,973057,2094296
200502,臺中港,3717957,1030866,2687091,3367094,948681,2418413,350863,82185,268678
200502,基隆港,2146986,682406,1464580,1725637,643341,1082296,421349,39065,382284
200502,花蓮港,1433496,1240323,193173,191683,88510,103173,1241813,1151813,90000
200502,臺北港,571548,535333,36215,570946,534731,36215,602,602,0
200502,蘇澳港,544765,142186,402579,291894,36176,255718,252871,106010,146861
200502,安平港,260784,43723,217061,256972,42108,214864,3812,1615,2197
200503,國際商港,23481416,7231757,16249659,16757340,4424589,12332751,6724076,2807168,3916908
200503,高雄港,13218971,3327919,9891052,9399171,2120960,7278211,3819800,1206959,2612841
200503,臺中港,4222626,1092624,3130002,3715744,997535,2718209,506882,95089,411793
200503,基隆港,3165302,757394,2407908,2508119,704475,1803644,657183,52919,604264
200503,花蓮港,1703273,1397818,305455,166090,26584,139506,1537183,1371234,165949
200503,臺北港,514502,477220,37282,513341,476086,37255,1161,1134,27
200503,安平港,423107,62597,360510,414190,58264,355926,8917,4333,4584
200503,蘇澳港,233635,116185,117450,40685,40685,0,192950,75500,117450
200504,國際商港,22747901,7099379,15648522,16437067,4404853,12032214,6310834,2694526,3616308
200504,高雄港,11931546,2966943,8964603,8507027,1926578,6580449,3424519,1040365,2384154
200504,臺中港,3730216,984904,2745312,3328575,903122,2425453,401641,81782,319859
200504,基隆港,3164008,756778,2407230,2515765,689725,1826040,648243,67053,581190
200504,花蓮港,1897165,1580419,316746,313777,126399,187378,1583388,1454020,129368
200504,蘇澳港,907812,125353,782459,663434,79698,583736,244378,45655,198723
200504,臺北港,669708,615163,54545,666942,612623,54319,2766,2540,226
200504,安平港,447446,69819,377627,441547,66708,374839,5899,3111,2788
200505,國際商港,23922944,7010474,16912470,17022135,4028758,12993377,6900809,2981716,3919093
200505,高雄港,12759499,2808219,9951280,9000078,1676212,7323866,3759421,1132007,2627414
200505,臺中港,4422758,862975,3559783,3955102,765807,3189295,467656,97168,370488
200505,基隆港,3105697,859867,2245830,2391319,773312,1618007,714378,86555,627823
200505,花蓮港,1976563,1602664,373899,210446,7094,203352,1766117,1595570,170547
200505,臺北港,790340,716520,73820,788689,715089,73600,1651,1431,220
200505,安平港,489903,58488,431415,485101,56053,429048,4802,2435,2367
200505,蘇澳港,378184,101741,276443,191400,35191,156209,186784,66550,120234
200506,國際商港,23315890,6951601,16364289,16410246,4156646,12253600,6905644,2794955,4110689
200506,高雄港,12248572,2770598,9477974,8308483,1730881,6577602,3940089,1039717,2900372
200506,臺中港,4287561,950933,3336628,3790526,851119,2939407,497035,99814,397221
200506,基隆港,3540493,894430,2646063,2854538,778860,2075678,685955,115570,570385
200506,花蓮港,1868128,1520689,347439,307919,63453,244466,1560209,1457236,102973
200506,臺北港,719466,658140,61326,718399,657114,61285,1067,1026,41
200506,安平港,402306,43870,358436,395840,40678,355162,6466,3192,3274
200506,蘇澳港,249364,112941,136423,34541,34541,0,214823,78400,136423
200507,國際商港,21591765,7194191,14397574,15215550,4571638,10643912,6376215,2622553,3753662
200507,高雄港,11385580,3078055,8307525,7919877,2121742,5798135,3465703,956313,2509390
200507,臺中港,3941354,1021096,2920258,3464212,922154,2542058,477142,98942,378200
200507,基隆港,2968867,820259,2148608,2332351,726713,1605638,636516,93546,542970
200507,花蓮港,1694815,1496136,198679,179055,106731,72324,1515760,1389405,126355
200507,臺北港,688885,578257,110628,687237,576934,110303,1648,1323,325
200507,蘇澳港,556954,134273,422681,283639,54633,229006,273315,79640,193675
200507,安平港,355310,66115,289195,349179,62731,286448,6131,3384,2747
200508,國際商港,20781525,6345994,14435531,14438666,3542139,10896527,6342859,2803855,3539004
200508,高雄港,9973394,2250849,7722545,6513873,1088849,5425024,3459521,1162000,2297521
200508,臺中港,4123423,913138,3210285,3675076,824929,2850147,448347,88209,360138
200508,基隆港,3270389,975665,2294724,2642454,896853,1745601,627935,78812,549123
200508,花蓮港,1842002,1503055,338947,290439,89953,200486,1551563,1413102,138461
200508,臺北港,713904,538514,175390,712008,537326,174682,1896,1188,708
200508,蘇澳港,666167,109064,557103,418730,51664,367066,247437,57400,190037
200508,安平港,192246,55709,136537,186086,52565,133521,6160,3144,3016
200509,國際商港,21529687,6701487,14828200,15115064,3872438,11242626,6414623,2829049,3585574
200509,高雄港,10773872,2616248,8157624,7155134,1470672,5684462,3618738,1145576,2473162
200509,臺中港,3979552,850198,3129354,3554267,774979,2779288,425285,75219,350066
200509,基隆港,3428138,963986,2464152,2787776,880514,1907262,640362,83472,556890
200509,花蓮港,1625696,1531092,94604,106260,86756,19504,1519436,1444336,75100
200509,臺北港,867631,530564,337067,864996,528059,336937,2635,2505,130
200509,蘇澳港,686026,136227,549799,482448,60127,422321,203578,76100,127478
200509,安平港,168772,73172,95600,164183,71331,92852,4589,1841,2748
200510,國際商港,21904141,6402198,15501943,15272606,3630662,11641944,6631535,2771536,3859999
200510,高雄港,10808959,2708993,8099966,6996400,1424299,5572101,3812559,1284694,2527865
200510,臺中港,4705781,733446,3972335,4264487,642999,3621488,441294,90447,350847
200510,基隆港,3298442,989040,2309402,2592865,905955,1686910,705577,83085,622492
200510,花蓮港,1544311,1266194,278117,137322,64581,72741,1406989,1201613,205376
200510,臺北港,878446,478046,400400,877123,476750,400373,1323,1296,27
200510,蘇澳港,556348,172129,384219,302079,66829,235250,254269,105300,148969
200510,安平港,111854,54350,57504,102330,49249,53081,9524,5101,4423
200511,國際商港,21252637,7403685,13848952,14589528,4493277,10096251,6663109,2910408,3752701
200511,高雄港,10194816,2787227,7407589,6568921,1641812,4927109,3625895,1145415,2480480
200511,臺中港,4558415,1240096,3318319,4090995,1174868,2916127,467420,65228,402192
200511,基隆港,3177044,1050550,2126494,2467931,954864,1513067,709113,95686,613427
200511,花蓮港,1710892,1532291,178601,94852,24157,70695,1616040,1508134,107906
200511,臺北港,999824,575072,424752,997649,573155,424494,2175,1917,258
200511,蘇澳港,474993,122098,352895,239155,31698,207457,235838,90400,145438
200511,安平港,136653,96351,40302,130025,92723,37302,6628,3628,3000
200512,國際商港,21169141,6959782,14209359,14600710,4017007,10583703,6568431,2942775,3625656
200512,高雄港,11013291,2714289,8299002,7325990,1484140,5841850,3687301,1230149,2457152
200512,臺中港,3869933,959872,2910061,3413722,857012,2556710,456211,102860,353351
200512,基隆港,2966252,1025892,1940360,2318821,930715,1388106,647431,95177,552254
200512,花蓮港,1751618,1563635,187983,144643,109160,35483,1606975,1454475,152500
200512,臺北港,971206,481487,489719,969133,479678,489455,2073,1809,264
200512,蘇澳港,488378,129701,358677,326200,74471,251729,162178,55230,106948
200512,安平港,108463,84906,23557,102201,81831,20370,6262,3075,3187
200601,國際商港,19640822,6379493,13261329,13693617,3619298,10074319,5947205,2760195,3187010
200601,高雄港,9621814,2325908,7295906,6447654,1249167,5198487,3174160,1076741,2097419
200601,臺中港,3571657,857483,2714174,3111557,775360,2336197,460100,82123,377977
200601,基隆港,3098089,1014605,2083484,2507312,925579,1581733,590777,89026,501751
200601,花蓮港,1602684,1487254,115430,69142,41577,27565,1533542,1445677,87865
200601,臺北港,1057093,523429,533664,1051250,517586,533664,5843,5843,0
200601,蘇澳港,485786,102728,383058,311026,45128,265898,174760,57600,117160
200601,安平港,203699,68086,135613,195676,64901,130775,8023,3185,4838
200602,國際商港,19943594,5903265,14040329,13918974,3405102,10513872,6024620,2498163,3526457
200602,高雄港,10713940,2318524,8395416,7258424,1162985,6095439,3455516,1155539,2299977
200602,臺中港,3736392,874131,2862261,3306376,808801,2497575,430016,65330,364686
200602,基隆港,2547537,798332,1749205,1990150,758609,1231541,557387,39723,517664
200602,花蓮港,1515877,1277077,238800,205722,124312,81410,1310155,1152765,157390
200602,臺北港,761583,441189,320394,744241,423847,320394,17342,17342,0
200602,蘇澳港,444878,126670,318208,196068,61570,134498,248810,65100,183710
200602,安平港,223387,67342,156045,217993,64978,153015,5394,2364,3030
200603,國際商港,22606613,7146154,15460459,15996045,4146213,11849832,6610568,2999941,3610627
200603,高雄港,10952636,2895669,8056967,7299116,1619836,5679280,3653520,1275833,2377687
200603,臺中港,5040489,1043502,3996987,4564795,970036,3594759,475694,73466,402228
200603,基隆港,2915391,870120,2045271,2256585,800016,1456569,658806,70104,588702
200603,花蓮港,1656748,1559328,97420,79510,36776,42734,1577238,1522552,54686
200603,臺北港,1111713,553955,557758,1097926,540295,557631,13787,13660,127
200603,蘇澳港,743700,146719,596981,519750,106919,412831,223950,39800,184150
200603,安平港,185936,76861,109075,178363,72335,106028,7573,4526,3047
200604,國際商港,22111708,5871288,16240420,15533586,3246085,12287501,6578122,2625203,3952919
200604,高雄港,11318481,2296897,9021584,7476721,1063080,6413641,3841760,1233817,2607943
200604,臺中港,4509376,851979,3657397,4035218,785006,3250212,474158,66973,407185
200604,基隆港,3085184,778767,2306417,2419974,703854,1716120,665210,74913,590297
200604,花蓮港,1462063,1219988,242075,115836,57059,58777,1346227,1162929,183298
200604,臺北港,1021763,486902,534861,998739,463958,534781,23024,22944,80
200604,蘇澳港,471943,165706,306237,249913,103806,146107,222030,61900,160130
200604,安平港,242898,71049,171849,237185,69322,167863,5713,1727,3986
200605,國際商港,24388210,6739030,17649180,17426810,3915079,13511731,6961400,2823951,4137449
200605,高雄港,12905705,2863067,10042638,8735010,1552613,7182397,4170695,1310454,2860241
200605,臺中港,4945671,944558,4001113,4478373,869695,3608678,467298,74863,392435
200605,基隆港,3066547,861135,2205412,2397989,804608,1593381,668558,56527,612031
200605,花蓮港,1534531,1320599,213932,105559,41168,64391,1428972,1279431,149541
200605,臺北港,1221844,555928,665916,1204959,539819,665140,16885,16109,776
200605,蘇澳港,476525,121718,354807,269926,37448,232478,206599,84270,122329
200605,安平港,237387,72025,165362,234994,69728,165266,2393,2297,96
200606,國際商港,22191611,6229243,15962368,15947658,3798489,12149169,6243953,2430754,3813199
200606,高雄港,11352290,2596548,8755742,7774899,1542705,6232194,3577391,1053843,2523548
200606,臺中港,4766075,981782,3784293,4293890,909964,3383926,472185,71818,400367
200606,基隆港,2863020,773937,2089083,2236135,691436,1544699,626885,82501,544384
200606,花蓮港,1496093,1243482,252611,140658,71671,68987,1355435,1171811,183624
200606,臺北港,1061702,532890,528812,1036056,508940,527116,25646,23950,1696
200606,蘇澳港,379189,52807,326382,195509,28707,166802,183680,24100,159580
200606,安平港,273242,47797,225445,270511,45066,225445,2731,2731,0
200607,國際商港,21930859,6004496,15926363,15341613,3725969,11615644,6589246,2278527,4310719
200607,高雄港,11651815,2449635,9202180,7843721,1542286,6301435,3808094,907349,2900745
200607,臺中港,3677205,855770,2821435,3212350,798569,2413781,464855,57201,407654
200607,基隆港,3081117,810679,2270438,2442149,745306,1696843,638968,65373,573595
200607,花蓮港,1535975,1158986,376989,171552,20031,151521,1364423,1138955,225468
200607,臺北港,1226830,543148,683682,1187434,505230,682204,39396,37918,1478
200607,蘇澳港,518442,133055,385387,248897,62815,186082,269545,70240,199305
200607,安平港,239475,53223,186252,235510,51732,183778,3965,1491,2474
200608,國際商港,24458279,6397987,18060292,17778988,3735983,14043005,6679291,2662004,4017287
200608,高雄港,12862330,2520665,10341665,8985631,1294378,7691253,3876699,1226287,2650412
200608,臺中港,5274000,1033107,4240893,4757848,986591,3771257,516152,46516,469636
200608,基隆港,2924261,849144,2075117,2272479,783282,1489197,651782,65862,585920
200608,花蓮港,1518045,1266247,251798,105868,34498,71370,1412177,1231749,180428
200608,臺北港,1113287,546551,566736,1096748,531177,565571,16539,15374,1165
200608,蘇澳港,570140,127482,442658,372130,56082,316048,198010,71400,126610
200608,安平港,196216,54791,141425,188284,49975,138309,7932,4816,3116
200609,國際商港,23037508,6277119,16760389,16624545,3723106,12901439,6412963,2554013,3858950
200609,高雄港,12026854,2674629,9352225,8284674,1543368,6741306,3742180,1131261,2610919
200609,臺中港,3881982,771344,3110638,3490433,720771,2769662,391549,50573,340976
200609,基隆港,2853759,791639,2062120,2161223,651715,1509508,692536,139924,552612
200609,花蓮港,1725305,1208050,517255,403010,85773,317237,1322295,1122277,200018
200609,臺北港,1152483,561081,591402,1125265,537359,587906,27218,23722,3496
200609,安平港,792978,56032,736946,786094,52176,733918,6884,3856,3028
200609,蘇澳港,604147,214344,389803,373846,131944,241902,230301,82400,147901
200610,國際商港,21582702,6250777,15331925,15083873,3485265,11598608,6498829,2765512,3733317
200610,高雄港,10919483,2498621,8420862,7165813,1250028,5915785,3753670,1248593,2505077
200610,臺中港,4384485,837674,3546811,3948812,796559,3152253,435673,41115,394558
200610,基隆港,2870280,757065,2113215,2276324,718113,1558211,593956,38952,555004
200610,花蓮港,1578896,1335511,243385,78422,37213,41209,1500474,1298298,202176
200610,臺北港,1183429,572649,610780,1160533,551710,608823,22896,20939,1957
200610,蘇澳港,437781,161485,276296,252431,46935,205496,185350,114550,70800
200610,安平港,208348,87772,120576,201538,84707,116831,6810,3065,3745
200611,國際商港,22008865,5729369,16279496,15799886,3215279,12584607,6208979,2514090,3694889
200611,高雄港,10356898,2118051,8238847,6868415,1076850,5791565,3488483,1041201,2447282
200611,臺中港,5318848,796524,4522324,4824357,749408,4074949,494491,47116,447375
200611,基隆港,3051468,829343,2222125,2354353,704956,1649397,697115,124387,572728
200611,花蓮港,1510358,1231180,279178,120081,38831,81250,1390277,1192349,197928
200611,臺北港,1152105,550917,601188,1138748,538906,599842,13357,12011,1346
200611,蘇澳港,382170,145333,236837,260720,50783,209937,121450,94550,26900
200611,安平港,237018,58021,178997,233212,55545,177667,3806,2476,1330
200612,國際商港,20303182,5584457,14718725,14033817,3089385,10944432,6269365,2495072,3774293
200612,高雄港,10399767,2468539,7931228,6624615,1180845,5443770,3775152,1287694,2487458
200612,臺中港,4295334,703878,3591456,3846169,650159,3196010,449165,53719,395446
200612,基隆港,2550654,687095,1863559,1896474,616833,1279641,654180,70262,583918
200612,花蓮港,1224065,1053328,170737,74698,33896,40802,1149367,1019432,129935
200612,臺北港,912793,512662,400131,894802,495505,399297,17991,17157,834
200612,蘇澳港,668796,91234,577562,451148,47504,403644,217648,43730,173918
200612,安平港,251773,67721,184052,245911,64643,181268,5862,3078,2784
200701,國際商港,25614886,6102886,19512000,18989259,3476897,15512362,6625627,2625989,3999638
200701,高雄港,13569378,2534588,11034790,9822461,1406534,8415927,3746917,1128054,2618863
200701,臺中港,4489499,803237,3686262,4002491,727620,3274871,487008,75617,411391
200701,基隆港,2949580,744343,2205237,2215014,614932,1600082,734566,129411,605155
200701,花蓮港,1772130,1272242,499888,315052,73624,241428,1457078,1198618,258460
200701,臺北港,1296086,597816,698270,1280893,583588,697305,15193,14228,965
200701,安平港,979374,52753,926621,973927,50967,922960,5447,1786,3661
200701,蘇澳港,558839,97907,460932,379421,19632,359789,179418,78275,101143
200702,國際商港,19163162,4972927,14190235,14041393,2959046,11082347,5121769,2013881,3107888
200702,高雄港,10442295,2283462,8158833,7383360,1311219,6072141,3058935,972243,2086692
200702,臺中港,3476072,525237,2950835,3147485,480700,2666785,328587,44537,284050
200702,基隆港,2126473,720780,1405693,1677655,664461,1013194,448818,56319,392499
200702,花蓮港,1307751,899051,408700,251425,31395,220030,1056326,867656,188670
200702,臺北港,924522,394602,529920,907234,377739,529495,17288,16863,425
200702,安平港,472327,43613,428714,464167,40280,423887,8160,3333,4827
200702,蘇澳港,413722,106182,307540,210067,53252,156815,203655,52930,150725
200703,國際商港,22798535,5720615,17077920,16224970,3155571,13069399,6573565,2565044,4008521
200703,高雄港,12123642,2153710,9969932,8422881,1065633,7357248,3700761,1088077,2612684
200703,臺中港,4200166,836304,3363862,3702980,784414,2918566,497186,51890,445296
200703,基隆港,2706806,662518,2044288,1969829,578532,1391297,736977,83986,652991
200703,花蓮港,1683551,1290879,392672,237075,58313,178762,1446476,1232566,213910
200703,臺北港,915804,578021,337783,904905,567627,337278,10899,10394,505
200703,安平港,733516,56941,676575,718460,54470,663990,15056,2471,12585
200703,蘇澳港,435050,142242,292808,268840,46582,222258,166210,95660,70550
200704,國際商港,24342960,6743025,17599935,17293402,4016244,13277158,7049558,2726781,4322777
200704,高雄港,14109581,2868637,11240944,10217075,1756530,8460545,3892506,1112107,2780399
200704,臺中港,3853998,976801,2877197,3313729,862143,2451586,540269,114658,425611
200704,基隆港,2551748,754954,1796794,1853775,661320,1192455,697973,93634,604339
200704,花蓮港,1908366,1330130,578236,335366,56460,278906,1573000,1273670,299330
200704,臺北港,713889,604378,109511,700841,591925,108916,13048,12453,595
200704,蘇澳港,692453,154560,537893,366846,36581,330265,325607,117979,207628
200704,安平港,512925,53565,459360,505770,51285,454485,7155,2280,4875
200705,國際商港,22829718,6684236,16145482,15849252,3842407,12006845,6980466,2841829,4138637
200705,高雄港,12298900,2818982,9479918,8389159,1667402,6721757,3909741,1151580,2758161
200705,臺中港,4439781,723672,3716109,3914630,634272,3280358,525151,89400,435751
200705,基隆港,2633526,895139,1738387,1935115,814207,1120908,698411,80932,617479
200705,花蓮港,1653685,1385798,267887,73250,22028,51222,1580435,1363770,216665
200705,臺北港,930782,615968,314814,893888,579935,313953,36894,36033,861
200705,安平港,503313,48077,455236,489828,45637,444191,13485,2440,11045
200705,蘇澳港,369731,196600,173131,153382,78926,74456,216349,117674,98675
200706,國際商港,22386185,6040427,16345758,15866284,3610918,12255366,6519901,2429509,4090392
200706,高雄港,12404417,2928428,9475989,8593960,1872642,6721318,3810457,1055786,2754671
200706,臺中港,4165715,527669,3638046,3673407,455006,3218401,492308,72663,419645
200706,基隆港,2469705,662757,1806948,1797227,588518,1208709,672478,74239,598239
200706,花蓮港,1459851,1115490,344361,212859,15353,197506,1246992,1100137,146855
200706,臺北港,942812,607826,334986,933130,598906,334224,9682,8920,762
200706,蘇澳港,502239,178499,323740,231814,64074,167740,270425,114425,156000
200706,安平港,441446,19758,421688,423887,16419,407468,17559,3339,14220
200707,國際商港,24305954,5955045,18350909,17602936,3605706,13997230,6703018,2349339,4353679
200707,高雄港,12453386,2243382,10210004,8651470,1269156,7382314,3801916,974226,2827690
200707,臺中港,5511777,1014269,4497508,4877297,960146,3917151,634480,54123,580357
200707,基隆港,2668126,731904,1936222,2000391,682855,1317536,667735,49049,618686
200707,花蓮港,1570990,1220907,350083,251643,69272,182371,1319347,1151635,167712
200707,臺北港,985993,560201,425792,971244,546596,424648,14749,13605,1144
200707,蘇澳港,623114,150514,472600,368025,46715,321310,255089,103799,151290
200707,安平港,492568,33868,458700,482866,30966,451900,9702,2902,6800
200708,國際商港,22235644,5688871,16546773,15925165,3599384,12325781,6310479,2089487,4220992
200708,高雄港,12229281,2568827,9660454,8412596,1643732,6768864,3816685,925095,2891590
200708,臺中港,4580699,855600,3725099,4100382,791888,3308494,480317,63712,416605
200708,基隆港,2409895,703160,1706735,1747940,615796,1132144,661955,87364,574591
200708,花蓮港,1490143,990258,499885,312397,40052,272345,1177746,950206,227540
200708,臺北港,838169,447673,390496,834373,444676,389697,3796,2997,799
200708,安平港,355960,3071,352889,342049,887,341162,13911,2184,11727
200708,蘇澳港,331497,120282,211215,175428,62353,113075,156069,57929,98140
200709,國際商港,23252185,5682940,17569245,16710957,3144726,13566231,6541228,2538214,4003014
200709,高雄港,12831588,2804080,10027508,8856991,1528276,7328715,3974597,1275804,2698793
200709,臺中港,4388345,563165,3825180,3879925,499690,3380235,508420,63475,444945
200709,基隆港,2661091,727935,1933156,1981305,640210,1341095,679786,87725,592061
200709,花蓮港,1458727,1074205,384522,312355,47434,264921,1146372,1026771,119601
200709,臺北港,937542,384471,553071,919399,367481,551918,18143,16990,1153
200709,蘇澳港,510816,116717,394099,310445,51891,258554,200371,64826,135545
200709,安平港,464076,12367,451709,450537,9744,440793,13539,2623,10916
200710,國際商港,22356715,5340392,17016323,15543548,2890164,12653384,6813167,2450228,4362939
200710,高雄港,11805843,2116148,9689695,7728931,963480,6765451,4076912,1152668,2924244
200710,臺中港,4701020,881887,3819133,4169069,831188,3337881,531951,50699,481252
200710,基隆港,2604702,816138,1788564,1902287,717835,1184452,702415,98303,604112
200710,花蓮港,1528770,1060649,468121,247175,40228,206947,1281595,1020421,261174
200710,臺北港,720232,250513,469719,701844,232791,469053,18388,17722,666
200710,蘇澳港,555041,194564,360477,368495,88351,280144,186546,106213,80333
200710,安平港,441107,20493,420614,425747,16291,409456,15360,4202,11158
200711,國際商港,21574374,5476604,16097770,15336274,3083845,12252429,6238100,2392759,3845341
200711,高雄港,11707698,2412153,9295545,7985091,1215627,6769464,3722607,1196526,2526081
200711,臺中港,4731609,905476,3826133,4226435,837392,3389043,505174,68084,437090
200711,基隆港,2369832,770288,1599544,1719456,701501,1017955,650376,68787,581589
200711,花蓮港,1351323,946729,404594,222491,27316,195175,1128832,919413,209419
200711,臺北港,679200,269161,410039,634189,229472,404717,45011,39689,5322
200711,蘇澳港,499476,156075,343401,322285,58399,263886,177191,97676,79515
200711,安平港,235236,16722,218514,226327,14138,212189,8909,2584,6325
200712,國際商港,23290875,6133051,17157824,16464401,3494242,12970159,6826474,2638809,4187665
200712,高雄港,13249017,2591638,10657379,9292596,1448286,7844310,3956421,1143352,2813069
200712,臺中港,3899339,775890,3123449,3331712,705320,2626392,567627,70570,497057
200712,基隆港,2788737,895122,1893615,2137635,811624,1326011,651102,83498,567604
200712,花蓮港,1556326,1278199,278127,143554,99123,44431,1412772,1179076,233696
200712,臺北港,749816,331357,418459,746695,328630,418065,3121,2727,394
200712,安平港,638986,45787,593199,621469,41315,580154,17517,4472,13045
200712,蘇澳港,408654,215058,193596,190740,59944,130796,217914,155114,62800
200801,國際商港,23512248,5867296,17644952,16748564,3183840,13564724,6763684,2683456,4080228
200801,高雄港,12919704,2539413,10380291,8762352,1211359,7550993,4157352,1328054,2829298
200801,臺中港,3850400,830521,3019879,3350395,782080,2568315,500005,48441,451564
200801,基隆港,2936582,830051,2106531,2300807,751735,1549072,635775,78316,557459
200801,花蓮港,1674743,1187364,487379,379911,24150,355761,1294832,1163214,131618
200801,臺北港,904603,344958,559645,895923,342609,553314,8680,2349,6331
200801,安平港,613791,39604,574187,601196,37312,563884,12595,2292,10303
200801,蘇澳港,612425,95385,517040,457980,34595,423385,154445,60790,93655
200802,國際商港,19006464,4801252,14205212,13711348,2755577,10955771,5295116,2045675,3249441
200802,高雄港,11109699,2312539,8797160,7608299,1135377,6472922,3501400,1177162,2324238
200802,臺中港,3487868,701405,2786463,3158255,661068,2497187,329613,40337,289276
200802,基隆港,1896393,687078,1209315,1425520,614874,810646,470873,72204,398669
200802,花蓮港,1043972,726304,317668,178639,35131,143508,865333,691173,174160
200802,臺北港,686814,227760,459054,679582,221986,457596,7232,5774,1458
200802,蘇澳港,469474,119811,349663,359035,62672,296363,110439,57139,53300
200802,安平港,312244,26355,285889,302018,24469,277549,10226,1886,8340
200803,國際商港,26092159,5814664,20277495,19003006,3230640,15772366,7089153,2584024,4505129
200803,高雄港,14712088,2453212,12258876,10499719,1071971,9427748,4212369,1381241,2831128
200803,臺中港,4984436,1006860,3977576,4438529,934322,3504207,545907,72538,473369
200803,基隆港,2762230,821458,1940772,2061045,750331,1310714,701185,71127,630058
200803,花蓮港,1589962,1039020,550942,240728,23966,216762,1349234,1015054,334180
200803,臺北港,902707,340591,562116,893262,332349,560913,9445,8242,1203
200803,安平港,693830,53384,640446,673628,46973,626655,20202,6411,13791
200803,蘇澳港,446906,100139,346767,196095,70728,125367,250811,29411,221400
200804,國際商港,24043849,5678255,18365594,17448390,3036609,14411781,6595459,2641646,3953813
200804,高雄港,13319255,2815461,10503794,9171278,1426344,7744934,4147977,1389117,2758860
200804,臺中港,4632700,566350,4066350,4177248,516243,3661005,455452,50107,405345
200804,基隆港,2510316,672647,1837669,1875797,602307,1273490,634519,70340,564179
200804,花蓮港,1595367,1170572,424795,391948,108473,283475,1203419,1062099,141320
200804,臺北港,750576,295044,455532,734957,282134,452823,15619,12910,2709
200804,安平港,710057,45242,664815,695182,41917,653265,14875,3325,11550
200804,蘇澳港,525578,112939,412639,401980,59191,342789,123598,53748,69850
200805,國際商港,24385745,6808021,17577724,17595530,3864304,13731226,6790215,2943717,3846498
200805,高雄港,13678251,3721470,9956781,9304754,1992240,7312514,4373497,1729230,2644267
200805,臺中港,4986932,757139,4229793,4493894,693158,3800736,493038,63981,429057
200805,基隆港,2786961,847125,1939836,2124336,749572,1374764,662625,97553,565072
200805,花蓮港,1296069,1070038,226031,153705,57462,96243,1142364,1012576,129788
200805,臺北港,731760,284694,447066,723417,277309,446108,8343,7385,958
200805,安平港,698517,38820,659697,683350,37391,645959,15167,1429,13738
200805,蘇澳港,207255,88735,118520,112074,57172,54902,95181,31563,63618
200806,國際商港,21913527,4901439,17012088,15859145,2801918,13057227,6054382,2099521,3954861
200806,高雄港,11931480,2123910,9807570,8378886,1157885,7221001,3552594,966025,2586569
200806,臺中港,4209654,621734,3587920,3728396,580068,3148328,481258,41666,439592
200806,基隆港,2686619,723346,1963273,2026804,650391,1376413,659815,72955,586860
200806,花蓮港,1503090,1008645,494445,261594,21033,240561,1241496,987612,253884
200806,臺北港,761346,328007,433339,752670,320301,432369,8676,7706,970
200806,安平港,481456,23838,457618,468750,23218,445532,12706,620,12086
200806,蘇澳港,339882,71959,267923,242045,49022,193023,97837,22937,74900
200807,國際商港,22715197,5750225,16964972,16892514,3325872,13566642,5822683,2424353,3398330
200807,高雄港,12032474,2745644,9286830,8559387,1557866,7001521,3473087,1187778,2285309
200807,臺中港,5195747,790265,4405482,4754230,725179,4029051,441517,65086,376431
200807,基隆港,2565857,714759,1851098,1982908,643665,1339243,582949,71094,511855
200807,花蓮港,1288235,1058440,229795,151801,52115,99686,1136434,1006325,130109
200807,臺北港,777007,315540,461467,749347,288363,460984,27660,27177,483
200807,安平港,434990,37536,397454,424814,35654,389160,10176,1882,8294
200807,蘇澳港,420887,88041,332846,270027,23030,246997,150860,65011,85849
200808,國際商港,24531670,5774134,18757536,18483547,3310869,15172678,6048123,2463265,3584858
200808,高雄港,13885453,2662465,11222988,10269595,1395212,8874383,3615858,1267253,2348605
200808,臺中港,4373531,810649,3562882,3955890,743510,3212380,417641,67139,350502
200808,基隆港,2768793,747686,2021107,2151974,684275,1467699,616819,63411,553408
200808,花蓮港,1532420,1026551,505869,314142,20583,293559,1218278,1005968,212310
200808,安平港,827090,40243,786847,816866,39500,777366,10224,743,9481
200808,臺北港,727481,361576,365905,718771,353708,365063,8710,7868,842
200808,蘇澳港,416902,124964,291938,256309,74081,182228,160593,50883,109710
200809,國際商港,20897033,4803396,16093637,15421623,2620567,12801056,5475410,2182829,3292581
200809,高雄港,11318513,2386704,8931809,7937450,1221134,6716316,3381063,1165570,2215493
200809,臺中港,4528128,591515,3936613,4156236,536330,3619906,371892,55185,316707
200809,基隆港,2455328,606215,1849113,1897431,548793,1348638,557897,57422,500475
200809,花蓮港,1123258,817644,305614,87005,19326,67679,1036253,798318,237935
200809,臺北港,666054,247028,419026,641762,223820,417942,24292,23208,1084
200809,安平港,532390,24291,508099,521513,23529,497984,10877,762,10115
200809,蘇澳港,273362,129999,143363,180226,47635,132591,93136,82364,10772
200810,國際商港,20991734,6171834,14819900,14752646,3430779,11321867,6239088,2741055,3498033
200810,高雄港,11366029,2806363,8559666,7694651,1275717,6418934,3671378,1530646,2140732
200810,臺中港,4009671,1065617,2944054,3609252,1005209,2604043,400419,60408,340011
200810,基隆港,2267559,684205,1583354,1724613,623298,1101315,542946,60907,482039
200810,花蓮港,1690066,1047337,642729,271788,37998,233790,1418278,1009339,408939
200810,臺北港,765389,373197,392192,735218,343597,391621,30171,29600,571
200810,蘇澳港,515488,155638,359850,345540,106939,238601,169948,48699,121249
200810,安平港,377532,39477,338055,371584,38021,333563,5948,1456,4492
200811,國際商港,19408088,5148156,14259932,14215681,2899510,11316171,5192407,2248646,2943761
200811,高雄港,10352287,2410374,7941913,7173238,1221731,5951507,3179049,1188643,1990406
200811,臺中港,4297358,789178,3508180,3815297,699223,3116074,482061,89955,392106
200811,基隆港,2198138,666724,1531414,1720917,608818,1112099,477221,57906,419315
200811,花蓮港,1082635,883922,198713,185391,37022,148369,897244,846900,50344
200811,臺北港,603773,270857,332916,581955,250621,331334,21818,20236,1582
200811,安平港,454166,37156,417010,451202,36000,415202,2964,1156,1808
200811,蘇澳港,419731,89945,329786,287681,46095,241586,132050,43850,88200
200812,國際商港,18681869,5125485,13556384,13171320,2837156,10334164,5510549,2288329,3222220
200812,高雄港,10103647,2435376,7668271,6966314,1339741,5626573,3137333,1095635,2041698
200812,臺中港,3646670,652864,2993806,3012922,561428,2451494,633748,91436,542312
200812,基隆港,2060112,651669,1408443,1592257,580108,1012149,467855,71561,396294
200812,花蓮港,1378528,957285,421243,260141,22327,237814,1118387,934958,183429
200812,臺北港,775317,263507,511810,757643,245942,511701,17674,17565,109
200812,安平港,474764,40374,434390,459723,38000,421723,15041,2374,12667
200812,蘇澳港,242831,124410,118421,122320,49610,72710,120511,74800,45711
200901,國際商港,15890858,4518714,11372144,11056596,2653562,8403034,4834262,1865152,2969110
200901,高雄港,8179903,2261767,5918136,5253170,1273445,3979725,2926733,988322,1938411
200901,臺中港,3362496,638809,2723687,2930446,583862,2346584,432050,54947,377103
200901,基隆港,1679891,512468,1167423,1296394,462510,833884,383497,49958,333539
200901,花蓮港,1039051,711352,327699,176913,50464,126449,862138,660888,201250
200901,安平港,633268,28947,604321,630346,27150,603196,2922,1797,1125
200901,臺北港,624650,199417,425233,613735,190977,422758,10915,8440,2475
200901,蘇澳港,371599,165954,205645,155592,65154,90438,216007,100800,115207
200902,國際商港,17555172,4685740,12869432,12332387,2760121,9572266,5222785,1925619,3297166
200902,高雄港,9749616,2641365,7108251,6445005,1429278,5015727,3304611,1212087,2092524
200902,臺中港,3475923,729030,2746893,2957102,671101,2286001,518821,57929,460892
200902,基隆港,1520802,444006,1076796,1125271,404145,721126,395531,39861,355670
200902,花蓮港,1167735,623563,544172,300877,48265,252612,866858,575298,291560
200902,臺北港,629126,148342,480784,610770,135097,475673,18356,13245,5111
200902,安平港,530303,12736,517567,524495,11837,512658,5808,899,4909
200902,蘇澳港,481667,86698,394969,368867,60398,308469,112800,26300,86500
200903,國際商港,19871846,5513337,14358509,13906578,3261712,10644866,5965268,2251625,3713643
200903,高雄港,10279085,2658390,7620695,6567579,1519252,5048327,3711506,1139138,2572368
200903,臺中港,4593527,878008,3715519,4109367,810987,3298380,484160,67021,417139
200903,基隆港,2096044,656273,1439771,1498841,537726,961115,597203,118547,478656
200903,花蓮港,1031505,894169,137336,97849,65413,32436,933656,828756,104900
200903,臺北港,807461,262044,545417,722249,213376,508873,85212,48668,36544
200903,安平港,677324,28195,649129,670129,21000,649129,7195,7195,0
200903,蘇澳港,386900,136258,250642,240564,93958,146606,146336,42300,104036
200904,國際商港,19754968,5417755,14337213,14126782,3332851,10793931,5628186,2084904,3543282
200904,高雄港,10455185,2503637,7951548,7124447,1446645,5677802,3330738,1056992,2273746
200904,臺中港,4252977,1154836,3098141,3789953,1088933,2701020,463024,65903,397121
200904,基隆港,1898433,510559,1387874,1410951,427118,983833,487482,83441,404041
200904,花蓮港,1298940,898762,400178,175098,76422,98676,1123842,822340,301502
200904,臺北港,987955,268203,719752,915752,239334,676418,72203,28869,43334
200904,安平港,546781,21009,525772,542866,19000,523866,3915,2009,1906
200904,蘇澳港,314697,60749,253948,167715,35399,132316,146982,25350,121632
200905,國際商港,18793582,4662987,14130595,13259551,2902290,10357261,5534031,1760697,3773334
200905,高雄港,9643854,2243654,7400200,6378335,1441092,4937243,3265519,802562,2462957
200905,臺中港,4022485,701743,3320742,3534409,639358,2895051,488076,62385,425691
200905,基隆港,1957733,559447,1398286,1452254,481683,970571,505479,77764,427715
200905,花蓮港,1117564,807860,309704,84963,42642,42321,1032601,765218,267383
200905,臺北港,940190,243070,697120,842263,209360,632903,97927,33710,64217
200905,安平港,656222,33398,622824,654203,32140,622063,2019,1258,761
200905,蘇澳港,455534,73815,381719,313124,56015,257109,142410,17800,124610
200906,國際商港,20203389,4574517,15628872,14586385,2815159,11771226,5617004,1759358,3857646
200906,高雄港,10690677,2105851,8584826,7399423,1392510,6006913,3291254,713341,2577913
200906,臺中港,4304737,811576,3493161,3787724,748776,3038948,517013,62800,454213
200906,基隆港,2057113,568211,1488902,1537839,486547,1051292,519274,81664,437610
200906,花蓮港,1213098,830060,383038,161516,23348,138168,1051582,806712,244870
200906,臺北港,1049762,185568,864194,908459,114605,793854,141303,70963,70340
200906,安平港,630629,25766,604863,629801,24938,604863,828,828,0
200906,蘇澳港,257373,47485,209888,161623,24435,137188,95750,23050,72700
200907,國際商港,20569350,5094494,15474856,14980275,3269482,11710793,5589075,1825012,3764063
200907,高雄港,10631749,2682917,7948832,7286485,1844573,5441912,3345264,838344,2506920
200907,臺中港,4946663,769600,4177063,4441423,700586,3740837,505240,69014,436226
200907,基隆港,1917114,580751,1336363,1434291,480758,953533,482823,99993,382830
200907,花蓮港,1077011,711000,366011,168451,28024,140427,908560,682976,225584
200907,臺北港,1002527,222846,779681,829819,137647,692172,172708,85199,87509
200907,安平港,549200,18457,530743,547064,16321,530743,2136,2136,0
200907,蘇澳港,445086,108923,336163,272742,61573,211169,172344,47350,124994
200908,國際商港,22047165,4964704,17082461,16403580,3251863,13151717,5643585,1712841,3930744
200908,高雄港,11528813,2176515,9352298,8265596,1370103,6895493,3263217,806412,2456805
200908,臺中港,5297663,1242247,4055416,4711217,1160283,3550934,586446,81964,504482
200908,基隆港,2037522,571322,1466200,1501347,453870,1047477,536175,117452,418723
200908,花蓮港,1138968,710560,428408,115065,32511,82554,1023903,678049,345854
200908,臺北港,958054,159506,798548,835147,143319,691828,122907,16187,106720
200908,安平港,660746,42864,617882,659269,41387,617882,1477,1477,0
200908,蘇澳港,425399,61690,363709,315939,50390,265549,109460,11300,98160
200909,國際商港,21982164,4958951,17023213,16461880,3085166,13376714,5520284,1873785,3646499
200909,高雄港,11175930,2313475,8862455,7846843,1413234,6433609,3329087,900241,2428846
200909,臺中港,5064380,887671,4176709,4579247,826026,3753221,485133,61645,423488
200909,基隆港,1987612,619862,1367750,1537313,536154,1001159,450299,83708,366591
200909,臺北港,1226334,166040,1060294,1123581,148502,975079,102753,17538,85215
200909,花蓮港,1215182,795241,419941,244452,38290,206162,970730,756951,213779
200909,安平港,768604,34302,734302,761497,29700,731797,7107,4602,2505
200909,蘇澳港,544122,142360,401762,368947,93260,275687,175175,49100,126075
200910,國際商港,18859073,4332121,14526952,13734809,2728407,11006402,5124264,1603714,3520550
200910,高雄港,9892420,2061179,7831241,6746217,1229794,5516423,3146203,831385,2314818
200910,臺中港,4299152,831719,3467433,3821351,767157,3054194,477801,64562,413239
200910,基隆港,1840901,553045,1287856,1359531,462681,896850,481370,90364,391006
200910,臺北港,1074409,149171,925238,950786,135347,815439,123623,13824,109799
200910,花蓮港,812400,577795,234605,64224,27569,36655,748176,550226,197950
200910,安平港,557045,29053,527992,546624,24600,522024,10421,4453,5968
200910,蘇澳港,382746,130159,252587,246076,81259,164817,136670,48900,87770
200911,國際商港,20076812,4987052,15089760,14653555,3261695,11391860,5423257,1725357,3697900
200911,高雄港,10801858,2322896,8478962,7588362,1557165,6031197,3213496,765731,2447765
200911,臺中港,4418872,1096482,3322390,3906404,1026772,2879632,512468,69710,442758
200911,基隆港,2016583,535576,1481007,1532561,454223,1078338,484022,81353,402669
200911,花蓮港,1203070,732148,470922,263467,23045,240422,939603,709103,230500
200911,臺北港,972865,157323,815542,855806,140772,715034,117059,16551,100508
200911,蘇澳港,371101,109548,261553,216271,28418,187853,154830,81130,73700
200911,安平港,292463,33079,259384,290684,31300,259384,1779,1779,0
200912,國際商港,20133295,4138170,15995125,15067191,2550436,12516755,5066104,1587734,3478370
200912,高雄港,10541172,1344527,9196645,7691853,654182,7037671,2849319,690345,2158974
200912,臺中港,4707652,1094771,3612881,4189045,1030986,3158059,518607,63785,454822
200912,基隆港,2029350,645839,1383511,1553253,577963,975290,476097,67876,408221
200912,花蓮港,1086511,708658,377853,194480,49543,144937,892031,659115,232916
200912,臺北港,977323,148667,828656,839695,131065,708630,137628,17602,120026
200912,蘇澳港,537877,154597,383280,357777,69397,288380,180100,85200,94900
200912,安平港,253410,41111,212299,241088,37300,203788,12322,3811,8511
201001,國際商港,21387515,4485844,16901671,15830325,3022122,12808203,5557190,1463722,4093468
201001,高雄港,11201486,1890284,9311202,8203671,1437893,6765778,2997815,452391,2545424
201001,臺中港,4736114,792524,3943590,4195880,726231,3469649,540234,66293,473941
201001,基隆港,2296019,665800,1630219,1774380,598072,1176308,521639,67728,453911
201001,花蓮港,1519068,862615,656453,365764,43787,321977,1153304,818828,334476
201001,臺北港,1058015,121179,936836,908908,107483,801425,149107,13696,135411
201001,蘇澳港,410748,114656,296092,218643,72856,145787,192105,41800,150305
201001,安平港,166065,38786,127279,163079,35800,127279,2986,2986,0
201002,國際商港,16628057,3579867,13048190,12549895,2355942,10193953,4078162,1223925,2854237
201002,高雄港,8393753,1356931,7036822,6044157,810499,5233658,2349596,546432,1803164
201002,臺中港,4376768,886500,3490268,4019567,850737,3168830,357201,35763,321438
201002,基隆港,1507974,470337,1037637,1178475,427622,750853,329499,42715,286784
201002,花蓮港,1000631,514862,485769,254449,27350,227099,746182,487512,258670
201002,臺北港,690238,92240,597998,599419,78527,520892,90819,13713,77106
201002,蘇澳港,547192,216459,330733,352016,124259,227757,195176,92200,102976
201002,安平港,111501,42538,68963,101812,36948,64864,9689,5590,4099
201003,國際商港,20542797,3936630,16606167,14564090,2429714,12134376,5978707,1506916,4471791
201003,高雄港,10051897,1520718,8531179,6630290,945698,5684592,3421607,575020,2846587
201003,臺中港,5270297,761680,4508617,4716483,683440,4033043,553814,78240,475574
201003,基隆港,2405705,624125,1781580,1824392,533390,1291002,581313,90735,490578
201003,花蓮港,1097964,697133,400831,63256,7395,55861,1034708,689738,344970
201003,臺北港,1001203,192850,808353,853593,153090,700503,147610,39760,107850
201003,蘇澳港,601824,100886,500938,368570,68901,299669,233254,31985,201269
201003,安平港,113907,39238,74669,107506,37800,69706,6401,1438,4963
201004,國際商港,20207490,4099483,16108007,14714382,2554733,12159649,5493108,1544750,3948358
201004,高雄港,10415662,1511069,8904593,7416580,983872,6432708,2999082,527197,2471885
201004,臺中港,4923151,876851,4046300,4388597,794964,3593633,534554,81887,452667
201004,基隆港,2073199,586770,1486429,1544779,491274,1053505,528420,95496,432924
201004,花蓮港,1116072,749030,367042,152362,40315,112047,963710,708715,254995
201004,臺北港,1001070,223177,777893,823179,145790,677389,177891,77387,100504
201004,蘇澳港,593814,117018,476796,307831,64418,243413,285983,52600,233383
201004,安平港,84522,35568,48954,81054,34100,46954,3468,1468,2000
201005,國際商港,21758980,3793507,17965473,15978547,2259195,13719352,5780433,1534312,4246121
201005,高雄港,10649784,1328690,9321094,7290336,800357,6489979,3359448,528333,2831115
201005,臺中港,5830508,747068,5083440,5263791,650025,4613766,566717,97043,469674
201005,基隆港,2357383,673323,1684060,1751923,534138,1217785,605460,139185,466275
201005,花蓮港,1289224,721041,568183,358871,37820,321051,930353,683221,247132
201005,臺北港,1201039,162234,1038805,1024741,108332,916409,176298,53902,122396
201005,蘇澳港,349518,116323,233195,215658,87323,128335,133860,29000,104860
201005,安平港,81524,44828,36696,73227,41200,32027,8297,3628,4669
201006,國際商港,20781734,3837610,16944124,15788373,2407101,13381272,4993361,1430509,3562852
201006,高雄港,10591406,1375970,9215436,7733493,947266,6786227,2857913,428704,2429209
201006,臺中港,5699526,909655,4789871,5212214,835124,4377090,487312,74531,412781
201006,基隆港,2101824,496299,1605525,1586363,407635,1178728,515461,88664,426797
201006,花蓮港,1080560,711456,369104,232292,9393,222899,848268,702063,146205
201006,臺北港,984853,209638,775215,821582,134437,687145,163271,75201,88070
201006,蘇澳港,215903,100254,115649,104143,40116,64027,111760,60138,51622
201006,安平港,107662,34338,73324,98286,33130,65156,9376,1208,8168
201007,國際商港,20419321,4149219,16270102,15138547,2568830,12569717,5280774,1580389,3700385
201007,高雄港,10644564,1566468,9078096,7697664,1028561,6669103,2946900,537907,2408993
201007,臺中港,4986708,1027524,3959184,4426825,944564,3482261,559883,82960,476923
201007,基隆港,2017096,474064,1543032,1511207,392295,1118912,505889,81769,424120
201007,花蓮港,1253059,804603,448456,320596,71570,249026,932463,733033,199430
201007,臺北港,1063854,156363,907491,860620,50610,810010,203234,105753,97481
201007,蘇澳港,373263,85230,288033,242116,47280,194836,131147,37950,93197
201007,安平港,80777,34967,45810,79519,33950,45569,1258,1017,241
201008,國際商港,21988559,4461610,17526949,16330850,2850297,13480553,5657709,1611313,4046396
201008,高雄港,10839560,1503881,9335679,7474198,889317,6584881,3365362,614564,2750798
201008,臺中港,5989159,1307194,4681965,5453063,1219236,4233827,536096,87958,448138
201008,基隆港,2179846,572755,1607091,1679754,508040,1171714,500092,64715,435377
201008,花蓮港,1106709,696560,410149,270599,35090,235509,836110,661470,174640
201008,臺北港,1026610,246135,780475,808608,123790,684818,218002,122345,95657
201008,蘇澳港,750880,108219,642661,556925,49519,507406,193955,58700,135255
201008,安平港,95795,26866,68929,87703,25305,62398,8092,1561,6531
201009,國際商港,19781217,3644012,16137205,14480962,2111408,12369554,5300255,1532604,3767651
201009,高雄港,10124899,1391141,8733758,6931541,778407,6153134,3193358,612734,2580624
201009,臺中港,5195317,847345,4347972,4677105,748968,3928137,518212,98377,419835
201009,基隆港,1931494,429465,1502029,1459049,362259,1096790,472445,67206,405239
201009,臺北港,1011976,146188,865788,859171,81529,777642,152805,64659,88146
201009,花蓮港,976870,682655,294215,168909,41578,127331,807961,641077,166884
201009,蘇澳港,467521,121633,345888,317121,74203,242918,150400,47430,102970
201009,安平港,73140,25585,47555,68066,24464,43602,5074,1121,3953
201010,國際商港,20646960,3878027,16768933,15271270,2308344,12962926,5375690,1569683,3806007
201010,高雄港,10226652,1363143,8863509,7160469,794038,6366431,3066183,569105,2497078
201010,臺中港,5815554,958854,4856700,5200011,832778,4367233,615543,126076,489467
201010,基隆港,2013606,547123,1466483,1507235,472976,1034259,506371,74147,432224
201010,花蓮港,1238404,709161,529243,322502,18734,303768,915902,690427,225475
201010,臺北港,915112,148933,766179,766812,89824,676988,148300,59109,89191
201010,蘇澳港,339973,119192,220781,220101,69511,150590,119872,49681,70191
201010,安平港,97659,31621,66038,94140,30483,63657,3519,1138,2381
201011,國際商港,21662022,4015470,17646552,16225876,2416153,13809723,5436146,1599317,3836829
201011,高雄港,11064575,1492155,9572420,7873589,924887,6948702,3190986,567268,2623718
201011,臺中港,5774194,938481,4835713,5207610,831323,4376287,566584,107158,459426
201011,基隆港,2082076,497776,1584300,1600774,430877,1169897,481302,66899,414403
201011,臺北港,1144771,154379,990392,982763,100501,882262,162008,53878,108130
201011,花蓮港,1103262,781181,322081,197834,21462,176372,905428,759719,145709
201011,蘇澳港,410696,108164,302532,287533,66494,221039,123163,41670,81493
201011,安平港,82448,43334,39114,75773,40609,35164,6675,2725,3950
201012,國際商港,20680802,4788687,15892115,15242950,2878965,12363985,5437852,1909722,3528130
201012,高雄港,10748195,2302219,8445976,7562057,1444296,6117761,3186138,857923,2328215
201012,臺中港,5076193,773078,4303115,4518039,668437,3849602,558154,104641,453513
201012,基隆港,2040365,556164,1484201,1584690,501499,1083191,455675,54665,401010
201012,花蓮港,1131657,763287,368370,243423,27793,215630,888234,735494,152740
201012,臺北港,1129744,195162,934582,940937,105608,835329,188807,89554,99253
201012,蘇澳港,452727,153630,299097,298410,89732,208678,154317,63898,90419
201012,安平港,101921,45147,56774,95394,41600,53794,6527,3547,2980
201101,國際商港,20438772,4143580,16295192,15092145,2635799,12456346,5346627,1507781,3838846
201101,高雄港,10736265,1488638,9247627,7635302,898172,6737130,3100963,590466,2510497
201101,臺中港,4503115,1021025,3482090,3962259,926014,3036245,540856,95011,445845
201101,基隆港,2087043,518111,1568932,1632558,460380,1172178,454485,57731,396754
201101,花蓮港,1286122,729567,556555,385006,34805,350201,901116,694762,206354
201101,臺北港,1205687,257504,948183,1064562,213921,850641,141125,43583,97542
201101,蘇澳港,519002,81857,437145,315272,57057,258215,203730,24800,178930
201101,安平港,101538,46878,54660,97186,45450,51736,4352,1428,2924
201102,國際商港,18274656,3424359,14850297,13650310,2056879,11593431,4624346,1367480,3256866
201102,高雄港,9533546,1132031,8401515,6812880,549972,6262908,2720666,582059,2138607
201102,臺中港,4882678,1039872,3842806,4358237,951865,3406372,524441,88007,436434
201102,基隆港,1501711,396792,1104919,1140963,353105,787858,360748,43687,317061
201102,花蓮港,889504,585932,303572,181401,28673,152728,708103,557259,150844
201102,臺北港,870984,129443,741541,742910,81217,661693,128074,48226,79848
201102,蘇澳港,508046,105216,402830,334894,57733,277161,173152,47483,125669
201102,安平港,88187,35073,53114,79025,34314,44711,9162,759,8403
201103,國際商港,22354842,4996319,17358523,16750686,3220408,13530278,5604156,1775911,3828245
201103,高雄港,11370589,2028239,9342350,8128861,1294273,6834588,3241728,733966,2507762
201103,臺中港,6062720,1215873,4846847,5459711,1110644,4349067,603009,105229,497780
201103,基隆港,2128766,509877,1618889,1601589,440757,1160832,527177,69120,458057
201103,臺北港,1185199,238084,947115,999513,162019,837494,185686,76065,109621
201103,花蓮港,1160239,828433,331806,251328,72592,178736,908911,755841,153070
201103,蘇澳港,331246,130166,201080,201738,95966,105772,129508,34200,95308
201103,安平港,116083,45647,70436,107946,44157,63789,8137,1490,6647
201104,國際商港,21427249,4405686,17021563,15916792,2797790,13119002,5510457,1607896,3902561
201104,高雄港,10755393,1705621,9049772,7606486,1096733,6509753,3148907,608888,2540019
201104,臺中港,5466882,990971,4475911,4891803,895835,3995968,575079,95136,479943
201104,基隆港,2065166,521262,1543904,1553701,449660,1104041,511465,71602,439863
201104,花蓮港,1288039,781956,506083,359908,65765,294143,928131,716191,211940
201104,臺北港,1287512,252479,1035033,1104786,163014,941772,182726,89465,93261
201104,蘇澳港,474266,117604,356662,321843,93604,228239,152423,24000,128423
201104,安平港,89991,35793,54198,78265,33179,45086,11726,2614,9112
201105,國際商港,22169246,4755155,17414091,16531720,2984619,13547101,5637526,1770536,3866990
201105,高雄港,11331997,1682737,9649260,7992533,978567,7013966,3339464,704170,2635294
201105,臺中港,5835275,1364458,4470817,5275945,1275435,4000510,559330,89023,470307
201105,基隆港,2076778,480881,1595897,1575819,418070,1157749,500959,62811,438148
201105,臺北港,1259245,264358,994887,1064799,161930,902869,194446,102428,92018
201105,花蓮港,1153217,821332,331885,257694,35419,222275,895523,785913,109610
201105,蘇澳港,424807,93693,331114,282395,68893,213502,142412,24800,117612
201105,安平港,87927,47696,40231,82535,46305,36230,5392,1391,4001
201106,國際商港,20386585,4011007,16375578,15650863,2610730,13040133,4735722,1400277,3335445
201106,高雄港,10212306,1317151,8895155,7485059,794002,6691057,2727247,523149,2204098
201106,臺中港,5464851,1287673,4177178,4970839,1192790,3778049,494012,94883,399129
201106,基隆港,1870620,445588,1425032,1387652,381353,1006299,482968,64235,418733
201106,臺北港,1432721,219757,1212964,1228068,113656,1114412,204653,106101,98552
201106,花蓮港,871327,570323,301004,192765,21961,170804,678562,548362,130200
201106,蘇澳港,445665,131422,314243,307262,69022,238240,138403,62400,76003
201106,安平港,89095,39093,50002,79218,37946,41272,9877,1147,8730
201107,國際商港,21165223,4066649,17098574,15669353,2505062,13164291,5495870,1561587,3934283
201107,高雄港,10902738,1361373,9541365,7701898,714549,6987349,3200840,646824,2554016
201107,臺中港,5536121,1228739,4307382,4896030,1121362,3774668,640091,107377,532714
201107,基隆港,1927806,448295,1479511,1415162,353078,1062084,512644,95217,417427
201107,臺北港,1214048,253564,960484,1015894,163518,852376,198154,90046,108108
201107,花蓮港,984697,636983,347714,242811,41875,200936,741886,595108,146778
201107,蘇澳港,512387,110871,401516,316418,85271,231147,195969,25600,170369
201107,安平港,87426,26824,60602,81140,25409,55731,6286,1415,4871
201108,國際商港,19313450,4682222,14631228,14290850,3095632,11195218,5022600,1586590,3436010
201108,高雄港,9319029,1614763,7704266,6420268,1045456,5374812,2898761,569307,2329454
201108,臺中港,4725749,1455388,3270361,4224532,1352471,2872061,501217,102917,398300
201108,基隆港,2071635,515805,1555830,1581647,409128,1172519,489988,106677,383311
201108,臺北港,1618014,184351,1433663,1439268,103510,1335758,178746,80841,97905
201108,花蓮港,1069177,736546,332631,269502,36799,232703,799675,699747,99928
201108,蘇澳港,411858,132037,279821,259146,106437,152709,152712,25600,127112
201108,安平港,97988,43332,54656,96487,41831,54656,1501,1501,0
201109,國際商港,20762584,5193843,15568741,15474519,3224116,12250403,5288065,1969727,3318338
201109,高雄港,11022981,2169814,8853167,7773877,1189217,6584660,3249104,980597,2268507
201109,臺中港,5085491,1342850,3742641,4617882,1249729,3368153,467609,93121,374488
201109,基隆港,1971955,599237,1372718,1536216,522810,1013406,435739,76427,359312
201109,臺北港,1175674,218978,956696,1003755,143269,860486,171919,75709,96210
201109,花蓮港,1025198,690128,335070,180390,32440,147950,844808,657688,187120
201109,蘇澳港,389285,128991,260294,279865,44591,235274,109420,84400,25020
201109,安平港,92000,43845,48155,82534,42060,40474,9466,1785,7681
201110,國際商港,20605319,4590824,16014495,14970021,2854748,12115273,5635298,1736076,3899222
201110,高雄港,10004648,1764724,8239924,6694905,1078223,5616682,3309743,686501,2623242
201110,臺中港,5245949,1275668,3970281,4663168,1166974,3496194,582781,108694,474087
201110,基隆港,2019599,371306,1648293,1403954,283161,1120793,615645,88145,527500
201110,臺北港,1567583,300065,1267518,1367924,202464,1165460,199659,97601,102058
201110,花蓮港,1192314,691165,501149,414483,18312,396171,777831,672853,104978
201110,蘇澳港,473037,138406,334631,327807,58770,269037,145230,79636,65594
201110,安平港,102189,49490,52699,97780,46844,50936,4409,2646,1763
201111,國際商港,19133746,4200149,14933597,14195176,2549610,11645566,4938570,1650539,3288031
201111,高雄港,9616902,1625407,7991495,6795676,1015533,5780143,2821226,609874,2211352
201111,臺中港,5016863,985144,4031719,4499284,895451,3603833,517579,89693,427886
201111,基隆港,1863065,484054,1379011,1414472,394024,1020448,448593,90030,358563
201111,臺北港,1241404,216409,1024995,1045434,124702,920732,195970,91707,104263
201111,花蓮港,1000956,722813,278143,216518,31375,185143,784438,691438,93000
201111,蘇澳港,334853,117566,217287,168609,41166,127443,166244,76400,89844
201111,安平港,59703,48756,10947,55183,47359,7824,4520,1397,3123
201112,國際商港,18389176,4400013,13989163,13194632,2568832,10625800,5194544,1831181,3363363
201112,高雄港,9125506,1808271,7317235,6156840,1019507,5137333,2968666,788764,2179902
201112,臺中港,4843688,1054932,3788756,4281537,945587,3335950,562151,109345,452806
201112,基隆港,1783907,534552,1249355,1302928,439426,863502,480979,95126,385853
201112,臺北港,1057168,136859,920309,884214,59684,824530,172954,77175,95779
201112,花蓮港,1017896,739701,278195,164230,20535,143695,853666,719166,134500
201112,蘇澳港,483767,74483,409284,337782,36083,301699,145985,38400,107585
201112,安平港,77244,51215,26029,67101,48010,19091,10143,3205,6938
201201,國際商港,20137855,4420930,15716925,15419108,2904279,12514829,4718747,1516651,3202096
201201,高雄港,10275946,1613944,8662002,7425494,918377,6507117,2850452,695567,2154885
201201,臺中港,5597751,1421761,4175990,5153808,1345492,3808316,443943,76269,367674
201201,基隆港,1814266,465050,1349216,1454903,413546,1041357,359363,51504,307859
201201,臺北港,1140264,162749,977515,970162,106249,863913,170102,56500,113602
201201,花蓮港,861163,605936,255227,160457,9180,151277,700706,596756,103950
201201,蘇澳港,345675,105888,239787,167135,66768,100367,178540,39120,139420
201201,安平港,102790,45602,57188,87149,44667,42482,15641,935,14706
201202,國際商港,18929297,4286106,14643191,13925805,2684044,11241761,5003492,1602062,3401430
201202,高雄港,9790481,1974146,7816335,6734763,1185391,5549372,3055718,788755,2266963
201202,臺中港,5118009,1035250,4082759,4550949,908473,3642476,567060,126777,440283
201202,基隆港,1609635,420634,1189001,1140896,323017,817879,468739,97617,371122
201202,臺北港,1107131,159366,947765,928227,106718,821509,178904,52648,126256
201202,花蓮港,824445,566591,257854,233110,54256,178854,591335,512335,79000
201202,蘇澳港,396824,102523,294301,264400,79723,184677,132424,22800,109624
201202,安平港,82772,27596,55176,73460,26466,46994,9312,1130,8182
201203,國際商港,20306151,4905501,15400650,14712872,3184536,11528336,5593279,1720965,3872314
201203,高雄港,10199690,2028545,8171145,6891039,1306215,5584824,3308651,722330,2586321
201203,臺中港,5166731,1204094,3962637,4618052,1093625,3524427,548679,110469,438210
201203,基隆港,1899323,515225,1384098,1361817,370881,990936,537506,144344,393162
201203,花蓮港,1198962,719915,479047,384167,82020,302147,814795,637895,176900
201203,臺北港,1186958,214149,972809,974849,148390,826459,212109,65759,146350
201203,蘇澳港,558687,176321,382366,403276,137086,266190,155411,39235,116176
201203,安平港,95800,47252,48548,79672,46319,33353,16128,933,15195
201204,國際商港,21553033,4786415,16766618,16319794,3085866,13233928,5233239,1700549,3532690
201204,高雄港,11259038,1803075,9455963,8035531,1055936,6979595,3223507,747139,2476368
201204,臺中港,5815774,1393883,4421891,5293337,1282332,4011005,522437,111551,410886
201204,基隆港,1866758,482850,1383908,1401265,401620,999645,465493,81230,384263
201204,臺北港,1356171,222886,1133285,1116263,141430,974833,239908,81456,158452
201204,花蓮港,856325,706645,149680,188184,55004,133180,668141,651641,16500
201204,蘇澳港,326029,129506,196523,218229,104206,114023,107800,25300,82500
201204,安平港,72938,47570,25368,66985,45338,21647,5953,2232,3721
201205,國際商港,20325694,4457577,15868117,15022696,2834809,12187887,5302998,1622768,3680230
201205,高雄港,10565794,2050004,8515790,7355941,1357980,5997961,3209853,692024,2517829
201205,臺中港,4717857,893227,3824630,4116654,748328,3368326,601203,144899,456304
201205,基隆港,1947760,449083,1498677,1506542,393130,1113412,441218,55953,385265
201205,臺北港,1481569,199433,1282136,1238992,121938,1117054,242577,77495,165082
201205,花蓮港,1049251,746096,303155,415984,112829,303155,633267,633267,0
201205,蘇澳港,449380,76136,373244,290452,58948,231504,158928,17188,141740
201205,安平港,114083,43598,70485,98131,41656,56475,15952,1942,14010
201206,國際商港,19133312,4300917,14832395,14256401,2862575,11393826,4876911,1438342,3438569
201206,高雄港,9521670,1603222,7918448,6503359,1018101,5485258,3018311,585121,2433190
201206,臺中港,5350888,1381179,3969709,4843563,1251594,3591969,507325,129585,377740
201206,基隆港,1823611,392719,1430892,1408482,336420,1072062,415129,56299,358830
201206,臺北港,1227993,220872,1007121,997681,146977,850704,230312,73895,156417
201206,花蓮港,815909,636945,178964,212592,60628,151964,603317,576317,27000
201206,蘇澳港,321893,33256,288637,228639,20456,208183,93254,12800,80454
201206,安平港,71348,32724,38624,62085,28399,33686,9263,4325,4938
201207,國際商港,21136245,4379154,16757091,16149607,2999139,13150468,4986638,1380015,3606623
201207,高雄港,10976602,1638995,9337607,7877254,1046847,6830407,3099348,592148,2507200
201207,臺中港,5516341,1510111,4006230,4971346,1381170,3590176,544995,128941,416054
201207,基隆港,1979224,420111,1559113,1542630,335686,1206944,436594,84425,352169
201207,臺北港,1385701,204711,1180990,1134582,155887,978695,251119,48824,202295
201207,花蓮港,772050,520679,251371,228389,23793,204596,543661,496886,46775
201207,蘇澳港,392399,46498,345901,295936,20898,275038,96463,25600,70863
201207,安平港,113928,38049,75879,99470,34858,64612,14458,3191,11267
201208,國際商港,18991535,3803411,15188124,14411634,2643002,11768632,4579901,1160409,3419492
201208,高雄港,9468850,1370050,8098800,6738615,1051976,5686639,2730235,318074,2412161
201208,臺中港,5415886,1222972,4192914,4908447,1126428,3782019,507439,96544,410895
201208,基隆港,1845533,357591,1487942,1416469,274500,1141969,429064,83091,345973
201208,臺北港,1087269,246170,841099,822376,128337,694039,264893,117833,147060
201208,花蓮港,788053,523380,264673,262735,25062,237673,525318,498318,27000
201208,蘇澳港,305419,48099,257320,197249,5399,191850,108170,42700,65470
201208,安平港,80525,35149,45376,65743,31300,34443,14782,3849,10933
201209,國際商港,20667540,4618423,16049117,15394851,3174741,12220110,5272689,1443682,3829007
201209,高雄港,10407835,1758902,8648933,7142298,1156278,5986020,3265537,602624,2662913
201209,臺中港,5517566,1479597,4037969,4925106,1351456,3573650,592460,128141,464319
201209,基隆港,1912863,439622,1473241,1502758,372418,1130340,410105,67204,342901
201209,臺北港,1360831,202930,1157901,1123755,119750,1004005,237076,83180,153896
201209,花蓮港,878650,623074,255576,275148,104272,170876,603502,518802,84700
201209,蘇澳港,481094,77767,403327,329364,35067,294297,151730,42700,109030
201209,安平港,108701,36531,72170,96422,35500,60922,12279,1031,11248
201210,國際商港,20520897,4679827,15841070,15407714,3096650,12311064,5113183,1583177,3530006
201210,高雄港,10571187,1741171,8830016,7570319,1180952,6389367,3000868,560219,2440649
201210,臺中港,5349280,1429888,3919392,4784178,1313588,3470590,565102,116300,448802
201210,基隆港,2009092,449294,1559798,1554099,350381,1203718,454993,98913,356080
201210,臺北港,1309168,247637,1061531,1032024,121793,910231,277144,125844,151300
201210,花蓮港,854661,645917,208744,132807,29983,102824,721854,615934,105920
201210,蘇澳港,307407,109353,198054,229502,44253,185249,77905,65100,12805
201210,安平港,120102,56567,63535,104785,55700,49085,15317,867,14450
201211,國際商港,17562105,3893757,13668348,12885124,2573694,10311430,4676981,1320063,3356918
201211,高雄港,8399725,1279333,7120392,5714684,766906,4947778,2685041,512427,2172614
201211,臺中港,4731961,1379983,3351978,4135085,1234917,2900168,596876,145066,451810
201211,基隆港,1779746,404132,1375614,1359735,307660,1052075,420011,96472,323539
201211,臺北港,1156834,198665,958169,957928,134961,822967,198906,63704,135202
201211,花蓮港,1029636,500525,529111,352721,33350,319371,676915,467175,209740
201211,蘇澳港,373988,90700,283288,280375,56600,223775,93613,34100,59513
201211,安平港,90215,40419,49796,84596,39300,45296,5619,1119,4500
201212,國際商港,19652678,4010595,15642083,14851792,2759650,12092142,4800886,1250945,3549941
201212,高雄港,9319182,1377722,7941460,6402984,851026,5551958,2916198,526696,2389502
201212,臺中港,5892970,1587220,4305750,5317874,1456866,3861008,575096,130354,444742
201212,基隆港,1700063,324834,1375229,1282530,256000,1026530,417533,68834,348699
201212,臺北港,1405094,133414,1271680,1222334,90864,1131470,182760,42550,140210
201212,花蓮港,763605,509969,253636,157396,44210,113186,606209,465759,140450
201212,蘇澳港,458235,31184,427051,366065,18384,347681,92170,12800,79370
201212,安平港,113529,46252,67277,102609,42300,60309,10920,3952,6968
201301,國際商港,21526365,4717191,16809174,16164847,3062755,13102092,5361518,1654436,3707082
201301,高雄港,10840209,1655435,9184774,7707070,999955,6707115,3133139,655480,2477659
201301,臺中港,5446811,1513749,3933062,4840449,1390009,3450440,606362,123740,482622
201301,基隆港,1859976,397083,1462893,1438146,318353,1119793,421830,78730,343100
201301,臺北港,1583049,250160,1332889,1369490,179199,1190291,213559,70961,142598
201301,花蓮港,1147121,678150,468971,327801,23330,304471,819320,654820,164500
201301,蘇澳港,519534,174309,345225,368814,109309,259505,150720,65000,85720
201301,安平港,129665,48305,81360,113077,42600,70477,16588,5705,10883
201302,國際商港,16756430,3715047,13041383,12643298,2530678,10112620,4113132,1184369,2928763
201302,高雄港,8411375,1277538,7133837,5824226,776869,5047357,2587149,500669,2086480
201302,臺中港,5107516,1461472,3646044,4659498,1358205,3301293,448018,103267,344751
201302,基隆港,1229453,295844,933609,962346,251222,711124,267107,44622,222485
201302,臺北港,869397,81741,787656,719120,54820,664300,150277,26921,123356
201302,花蓮港,760640,515228,245412,183746,34584,149162,576894,480644,96250
201302,蘇澳港,281153,52578,228575,204960,26978,177982,76193,25600,50593
201302,安平港,96896,30646,66250,89402,28000,61402,7494,2646,4848
201303,國際商港,21248331,4207309,17041022,15654324,2649755,13004569,5594007,1557554,4036453
201303,高雄港,10640003,1452447,9187556,7312760,1020565,6292195,3327243,431882,2895361
201303,臺中港,5753806,1084854,4668952,5075208,921261,4153947,678598,163593,515005
201303,基隆港,1900288,497466,1402822,1455610,381535,1074075,444678,115931,328747
201303,臺北港,1486732,198770,1287962,1284136,151423,1132713,202596,47347,155249
201303,花蓮港,920334,791174,129160,117326,69806,47520,803008,721368,81640
201303,蘇澳港,431926,115565,316361,312232,47365,264867,119694,68200,51494
201303,安平港,115242,67033,48209,97052,57800,39252,18190,9233,8957
201304,國際商港,21982394,4575278,17407116,16894911,3102307,13792604,5087483,1472971,3614512
201304,高雄港,10671900,1399423,9272477,7837860,997454,6840406,2834040,401969,2432071
201304,臺中港,6280212,1657320,4622892,5716563,1503413,4213150,563649,153907,409742
201304,基隆港,1795757,497443,1298314,1347128,357140,989988,448629,140303,308326
201304,臺北港,1474163,175088,1299075,1272288,118563,1153725,201875,56525,145350
201304,花蓮港,1207048,731685,475363,372207,70435,301772,834841,661250,173591
201304,蘇澳港,472909,73281,399628,279603,15381,264222,193306,57900,135406
201304,安平港,80405,41038,39367,69262,39921,29341,11143,1117,10026
201305,國際商港,20632889,4288289,16344600,15383886,2854585,12529301,5249003,1433704,3815299
201305,高雄港,10118231,1540298,8577933,7061548,1168767,5892781,3056683,371531,2685152
201305,臺中港,5796909,1094704,4702205,5217164,950660,4266504,579745,144044,435701
201305,基隆港,1757439,480248,1277191,1286901,359677,927224,470538,120571,349967
201305,臺北港,1451837,249412,1202425,1237158,210318,1026840,214679,39094,175585
201305,花蓮港,1081108,791471,289637,283494,102763,180731,797614,688708,108906
201305,蘇澳港,335608,100350,235258,218616,33400,185216,116992,66950,50042
201305,安平港,91757,31806,59951,79005,29000,50005,12752,2806,9946
201306,國際商港,20958652,4627104,16331548,15449332,3293594,12155738,5509320,1333510,4175810
201306,高雄港,10181326,1387464,8793862,6848169,1069550,5778619,3333157,317914,3015243
201306,臺中港,5803994,1656829,4147165,5145152,1515654,3629498,658842,141175,517667
201306,基隆港,1738169,420057,1318112,1308951,343343,965608,429218,76714,352504
201306,臺北港,1511862,274707,1237155,1324037,237600,1086437,187825,37107,150718
201306,花蓮港,1201032,793550,407482,350187,53445,296742,850845,740105,110740
201306,蘇澳港,425923,43924,381999,395123,31124,363999,30800,12800,18000
201306,安平港,96346,50573,45773,77713,42878,34835,18633,7695,10938
201307,國際商港,19985752,4311688,15674064,14574897,2718305,11856592,5410855,1593383,3817472
201307,高雄港,9287100,1498995,7788105,6357560,1063644,5293916,2929540,435351,2494189
201307,臺中港,5516442,1214609,4301833,4927441,1055365,3872076,589001,159244,429757
201307,基隆港,1831652,511308,1320344,1359383,355450,1003933,472269,155858,316411
201307,臺北港,1540871,188223,1352648,1357353,143519,1213834,183518,44704,138814
201307,花蓮港,1139475,805887,333588,221481,55893,165588,917994,749994,168000
201307,蘇澳港,373401,59726,313675,277513,11726,265787,95888,48000,47888
201307,安平港,296811,32940,263871,74166,32708,41458,222645,232,222413
201308,國際商港,19429648,4378212,15051436,14211282,2794468,11416814,5218366,1583744,3634622
201308,高雄港,8976419,1595031,7381388,5981083,1073484,4907599,2995336,521547,2473789
201308,臺中港,5601271,1218232,4383039,4983680,1059428,3924252,617591,158804,458787
201308,基隆港,1871564,521912,1349652,1394732,391185,1003547,476832,130727,346105
201308,臺北港,1310404,168768,1141636,1113828,112945,1000883,196576,55823,140753
201308,花蓮港,1095261,711217,384044,317923,49579,268344,777338,661638,115700
201308,蘇澳港,472396,134723,337673,351416,80423,270993,120980,54300,66680
201308,安平港,102333,28329,74004,68620,27424,41196,33713,905,32808
201309,國際商港,19814239,4644420,15169819,14964329,3090077,11874252,4849910,1554343,3295567
201309,高雄港,8832447,1580917,7251530,6147114,1081318,5065796,2685333,499599,2185734
201309,臺中港,5979195,1478186,4501009,5338111,1338325,3999786,641084,139861,501223
201309,基隆港,1813981,515024,1298957,1383408,394409,988999,430573,120615,309958
201309,臺北港,1666948,170651,1496297,1499089,136307,1362782,167859,34344,133515
201309,花蓮港,1049532,787923,261609,216496,64387,152109,833036,723536,109500
201309,蘇澳港,380191,68982,311209,293455,34879,258576,86736,34103,52633
201309,安平港,91945,42737,49208,86656,40452,46204,5289,2285,3004
201310,國際商港,21368377,4416221,16952156,16369839,2751272,13618567,4998538,1664949,3333589
201310,高雄港,9649342,1474981,8174361,6755501,798799,5956702,2893841,676182,2217659
201310,臺中港,6559058,1393200,5165858,5945168,1228651,4716517,613890,164549,449341
201310,基隆港,1927527,432712,1494815,1505888,355781,1150107,421639,76931,344708
201310,臺北港,1522127,215701,1306426,1330151,157822,1172329,191976,57879,134097
201310,花蓮港,1144468,668970,475498,395722,52924,342798,748746,616046,132700
201310,蘇澳港,458083,180021,278062,339059,109197,229862,119024,70824,48200
201310,安平港,107772,50636,57136,98350,48098,50252,9422,2538,6884
201311,國際商港,19843379,4864450,14978929,14783819,3113192,11670627,5059560,1751258,3308302
201311,高雄港,8553111,1700161,6852950,5820080,1135360,4684720,2733031,564801,2168230
201311,臺中港,6253813,1519767,4734046,5600578,1369608,4230970,653235,150159,503076
201311,基隆港,1868482,584501,1283981,1385693,402814,982879,482789,181687,301102
201311,臺北港,1455936,156153,1299783,1258616,106887,1151729,197320,49266,148054
201311,花蓮港,1230946,820612,410334,321027,33552,287475,909919,787060,122859
201311,蘇澳港,394279,46172,348107,323512,29072,294440,70767,17100,53667
201311,安平港,86812,37084,49728,74313,35899,38414,12499,1185,11314
201312,國際商港,19919650,4832163,15087487,14793819,3027788,11766031,5125831,1804375,3321456
201312,高雄港,8872837,1374894,7497943,6006503,727285,5279218,2866334,647609,2218725
201312,臺中港,5985096,1744107,4240989,5316568,1592098,3724470,668528,152009,516519
201312,基隆港,1841831,592406,1249425,1393885,462006,931879,447946,130400,317546
201312,臺北港,1640739,168945,1471794,1452294,119072,1333222,188445,49873,138572
201312,花蓮港,1091824,809642,282182,250864,42042,208822,840960,767600,73360
201312,蘇澳港,382288,92506,289782,278888,37006,241882,103400,55500,47900
201312,安平港,105035,49663,55372,94817,48279,46538,10218,1384,8834
201401,國際商港,20453713,5103011,15350702,15368717,3510947,11857770,5084996,1592064,3492932
201401,高雄港,9520634,1538375,7982259,6474800,952852,5521948,3045834,585523,2460311
201401,臺中港,5999097,1898117,4100980,5425905,1779767,3646138,573192,118350,454842
201401,基隆港,1891379,571198,1320181,1529897,516418,1013479,361482,54780,306702
201401,臺北港,1457456,190270,1267186,1283047,145895,1137152,174409,44375,130034
201401,花蓮港,1149508,825683,323825,310601,42176,268425,838907,783507,55400
201401,蘇澳港,316348,21575,294773,240248,21575,218673,76100,0,76100
201401,安平港,119291,57793,61498,104219,52264,51955,15072,5529,9543
201402,國際商港,18892561,3959397,14933164,14457708,2602614,11855094,4434853,1356783,3078070
201402,高雄港,9359802,1476023,7883779,6797921,1004084,5793837,2561881,471939,2089942
201402,臺中港,5704856,1131359,4573497,5125360,1008656,4116704,579496,122703,456793
201402,基隆港,1289134,394536,894598,951372,330303,621069,337762,64233,273529
201402,臺北港,1093404,125742,967662,962887,103333,859554,130517,22409,108108
201402,花蓮港,917524,677948,239576,189378,51802,137576,728146,626146,102000
201402,蘇澳港,438552,123634,314918,349952,77734,272218,88600,45900,42700
201402,安平港,89289,30155,59134,80838,26702,54136,8451,3453,4998
201403,國際商港,23641068,5549403,18091665,17715294,3638830,14076464,5925774,1910573,4015201
201403,高雄港,11258194,2313885,8944309,7813555,1601949,6211606,3444639,711936,2732703
201403,臺中港,6916642,1314586,5602056,6267029,1180293,5086736,649613,134293,515320
201403,基隆港,2000280,636825,1363455,1476881,491997,984884,523399,144828,378571
201403,臺北港,1676242,252362,1423880,1496624,202457,1294167,179618,49905,129713
201403,花蓮港,1320540,883137,437403,326552,58209,268343,993988,824928,169060
201403,蘇澳港,369138,87803,281335,247184,49403,197781,121954,38400,83554
201403,安平港,100032,60805,39227,87469,54522,32947,12563,6283,6280
201404,國際商港,21851496,4906814,16944682,16161766,3204587,12957179,5689730,1702227,3987503
201404,高雄港,10349022,1798719,8550303,7029970,1154803,5875167,3319052,643916,2675136
201404,臺中港,6190895,1427987,4762908,5500618,1288479,4212139,690277,139508,550769
201404,基隆港,1940480,591451,1349029,1479687,452211,1027476,460793,139240,321553
201404,臺北港,1732608,194773,1537835,1547950,172466,1375484,184658,22307,162351
201404,花蓮港,1145965,754121,391844,251876,36232,215644,894089,717889,176200
201404,蘇澳港,390650,85152,305498,260191,46752,213439,130459,38400,92059
201404,安平港,101876,54611,47265,91474,53644,37830,10402,967,9435
201405,國際商港,20484928,4856595,15628333,15046321,3104449,11941872,5438607,1752146,3686461
201405,高雄港,9914641,1564722,8349919,6817932,976723,5841209,3096709,587999,2508710
201405,臺中港,5516562,1410702,4105860,4893670,1268672,3624998,622892,142030,480862
201405,基隆港,1950693,633386,1317307,1455420,469946,985474,495273,163440,331833
201405,臺北港,1473111,229500,1243611,1258209,189500,1068709,214902,40000,174902
201405,花蓮港,1135359,804462,330897,258836,54639,204197,876523,749823,126700
201405,蘇澳港,371651,157237,214414,257916,97637,160279,113735,59600,54135
201405,安平港,122911,56586,66325,104338,47332,57006,18573,9254,9319
201406,國際商港,22825536,4365042,18460494,17401868,2900124,14501744,5423668,1464918,3958750
201406,高雄港,10932927,1451975,9480952,7697787,944746,6753041,3235140,507229,2727911
201406,臺中港,6428140,1457842,4970298,5774222,1327596,4446626,653918,130246,523672
201406,臺北港,1890159,125191,1764968,1675063,78612,1596451,215096,46579,168517
201406,基隆港,1862660,507547,1355113,1434885,421754,1013131,427775,85793,341982
201406,花蓮港,1181665,712215,469450,354330,60650,293680,827335,651565,175770
201406,蘇澳港,457892,88467,369425,405588,46163,359425,52304,42304,10000
201406,安平港,72093,21805,50288,59993,20603,39390,12100,1202,10898
201407,國際商港,22109790,5154826,16954964,16673501,3466892,13206609,5436289,1687934,3748355
201407,高雄港,10505452,1969463,8535989,7373177,1436085,5937092,3132275,533378,2598897
201407,臺中港,6573158,1551141,5022017,5882891,1421220,4461671,690267,129921,560346
201407,基隆港,1742003,464016,1277987,1334200,382433,951767,407803,81583,326220
201407,臺北港,1590711,140648,1450063,1377839,79775,1298064,212872,60873,151999
201407,花蓮港,1105963,872323,233640,235653,46413,189240,870310,825910,44400
201407,蘇澳港,486272,107701,378571,380690,56943,323747,105582,50758,54824
201407,安平港,106231,49534,56697,89051,44023,45028,17180,5511,11669
201408,國際商港,21883873,4926412,16957461,16607757,3361446,13246311,5276116,1564966,3711150
201408,高雄港,10622800,1820825,8801975,7512293,1296183,6216110,3110507,524642,2585865
201408,臺中港,6155821,1460264,4695557,5540404,1348065,4192339,615417,112199,503218
201408,基隆港,1849576,529580,1319996,1416478,433745,982733,433098,95835,337263
201408,臺北港,1719633,229140,1490493,1508500,179190,1329310,211133,49950,161183
201408,花蓮港,1049545,748568,300977,248243,17566,230677,801302,731002,70300
201408,蘇澳港,393438,99715,293723,302751,57528,245223,90687,42187,48500
201408,安平港,93060,38320,54740,79088,29169,49919,13972,9151,4821
201409,國際商港,21283522,4509531,16773991,16317600,3080945,13236655,4965922,1428586,3537336
201409,高雄港,10311044,1285793,9025251,7306509,792209,6514300,3004535,493584,2510951
201409,臺中港,6010912,1569611,4441301,5472751,1473245,3999506,538161,96366,441795
201409,基隆港,1800281,491291,1308990,1441530,432012,1009518,358751,59279,299472
201409,臺北港,1548858,232189,1316669,1363969,200188,1163781,184889,32001,152888
201409,花蓮港,1112737,714851,397886,325044,43208,281836,787693,671643,116050
201409,蘇澳港,377449,173264,204185,302868,104483,198385,74581,68781,5800
201409,安平港,122241,42532,79709,104929,35600,69329,17312,6932,10380
201410,國際商港,20323143,4843264,15479879,15259427,3132042,12127385,5063716,1711222,3352494
201410,高雄港,9658844,1793698,7865146,6749293,1172721,5576572,2909551,620977,2288574
201410,臺中港,5710307,1253949,4456358,5120449,1134121,3986328,589858,119828,470030
201410,基隆港,1829312,578668,1250644,1406557,485967,920590,422755,92701,330054
201410,臺北港,1583479,242331,1341148,1398965,204055,1194910,184514,38276,146238
201410,花蓮港,1073309,799115,274194,236119,57925,178194,837190,741190,96000
201410,蘇澳港,368905,138353,230552,259755,42253,217502,109150,96100,13050
201410,安平港,98987,37150,61837,88289,35000,53289,10698,2150,8548
201411,國際商港,21610114,5467493,16142621,16346991,3813319,12533672,5263123,1654174,3608949
201411,高雄港,10254472,2124342,8130130,7257443,1526789,5730654,2997029,597553,2399476
201411,臺中港,6255964,1565487,4690477,5566045,1409726,4156319,689919,155761,534158
201411,基隆港,1690407,485226,1205181,1318778,417428,901350,371629,67798,303831
201411,臺北港,1645387,336371,1309016,1468371,296774,1171597,177016,39597,137419
201411,花蓮港,1138370,718364,420006,287656,33250,254406,850714,685114,165600
201411,蘇澳港,530737,194291,336446,374242,97891,276351,156495,96400,60095
201411,安平港,94777,43412,51365,74456,31461,42995,20321,11951,8370
201412,國際商港,20121482,4279586,15841896,15044228,2606369,12437859,5077254,1673217,3404037
201412,高雄港,10262980,1521890,8741090,7225962,963967,6261995,3037018,557923,2479095
201412,臺中港,4842968,943964,3899004,4235280,811612,3423668,607688,132352,475336
201412,基隆港,1766335,534909,1231426,1409482,455238,954244,356853,79671,277182
201412,臺北港,1585773,271329,1314444,1412604,211899,1200705,173169,59430,113739
201412,花蓮港,1058299,775547,282752,289077,49025,240052,769222,726522,42700
201412,蘇澳港,501509,180767,320742,392482,79267,313215,109027,101500,7527
201412,安平港,103618,51180,52438,79341,35361,43980,24277,15819,8458
201501,國際商港,23265726,5285902,17979824,18115238,3642713,14472525,5150488,1643189,3507299
201501,高雄港,10680478,1757323,8923155,7782288,1260993,6521295,2898190,496330,2401860
201501,臺中港,7527741,1752563,5775178,6850591,1610337,5240254,677150,142226,534924
201501,基隆港,1738765,503665,1235100,1371345,443194,928151,367420,60471,306949
201501,臺北港,1573477,269388,1304089,1380966,229267,1151699,192511,40121,152390
201501,花蓮港,1167222,835239,331983,280517,31684,248833,886705,803555,83150
201501,蘇澳港,429745,73438,356307,361195,20638,340557,68550,52800,15750
201501,安平港,148298,94286,54012,88336,46600,41736,59962,47686,12276
201502,國際商港,16973664,4004124,12969540,12806276,2674216,10132060,4167388,1329908,2837480
201502,高雄港,8116033,1483060,6632973,5624695,1005763,4618932,2491338,477297,2014041
201502,臺中港,5133041,1202697,3930344,4682021,1119552,3562469,451020,83145,367875
201502,臺北港,1266207,149549,1116658,1121824,135214,986610,144383,14335,130048
201502,基隆港,1155205,357410,797795,884419,302390,582029,270786,55020,215766
201502,花蓮港,922689,648798,273891,187272,9081,178191,735417,639717,95700
201502,蘇澳港,302518,130216,172302,232812,70416,162396,69706,59800,9906
201502,安平港,77971,32394,45577,73233,31800,41433,4738,594,4144
201503,國際商港,22613619,4870548,17743071,16988955,3200904,13788051,5624664,1669644,3955020
201503,高雄港,10814175,2126726,8687449,7499100,1543919,5955181,3315075,582807,2732268
201503,臺中港,6711077,1056119,5654958,6012756,920199,5092557,698321,135920,562401
201503,基隆港,1675632,458341,1217291,1292702,388450,904252,382930,69891,313039
201503,臺北港,1639020,242289,1396731,1418218,182545,1235673,220802,59744,161058
201503,花蓮港,1164539,744397,420142,305448,40306,265142,859091,704091,155000
201503,蘇澳港,504249,200232,304017,370185,86685,283500,134064,113547,20517
201503,安平港,104927,42444,62483,90546,38800,51746,14381,3644,10737
201504,國際商港,20353292,5020768,15332524,15240044,3452250,11787794,5113248,1568518,3544730
201504,高雄港,8909322,1623552,7285770,5855618,1037836,4817782,3053704,585716,2467988
201504,臺中港,6567298,1870601,4696697,5881921,1756098,4125823,685377,114503,570874
201504,臺北港,1729964,179408,1550556,1517026,132097,1384929,212938,47311,165627
201504,基隆港,1692851,527493,1165358,1370463,468207,902256,322388,59286,263102
201504,花蓮港,1024966,732674,292292,252571,18279,234292,772395,714395,58000
201504,蘇澳港,330139,50423,279716,272229,4523,267706,57910,45900,12010
201504,安平港,98752,36617,62135,90216,35210,55006,8536,1407,7129
201505,國際商港,20283236,5142386,15140850,14990409,3483521,11506888,5292827,1658865,3633962
201505,高雄港,9245864,1841068,7404796,6183304,1212653,4970651,3062560,628415,2434145
201505,臺中港,5876976,1611459,4265517,5155246,1505810,3649436,721730,105649,616081
201505,基隆港,1795385,497491,1297894,1421369,428385,992984,374016,69106,304910
201505,臺北港,1736774,248618,1488156,1504555,214470,1290085,232219,34148,198071
201505,花蓮港,1100511,788397,312114,298751,37637,261114,801760,750760,51000
201505,蘇澳港,444542,118184,326358,362396,49884,312512,82146,68300,13846
201505,安平港,83184,37169,46015,64788,34682,30106,18396,2487,15909
201506,國際商港,19352822,4688773,14664049,14740063,3268982,11471081,4612759,1419791,3192968
201506,高雄港,8243445,1661648,6581797,5528359,1152507,4375852,2715086,509141,2205945
201506,臺中港,6577604,1475776,5101828,5962547,1361418,4601129,615057,114358,500699
201506,基隆港,1636691,560355,1076336,1334736,494335,840401,301955,66020,235935
201506,臺北港,1550205,149131,1401074,1349862,115654,1234208,200343,33477,166866
201506,花蓮港,938000,675857,262143,247566,59023,188543,690434,616834,73600
201506,蘇澳港,345351,131945,213406,296379,86045,210334,48972,45900,3072
201506,安平港,61526,34061,27465,20614,0,20614,40912,34061,6851
201507,國際商港,19134604,4653043,14481561,14352533,3144051,11208482,4782071,1508992,3273079
201507,高雄港,9312014,1673062,7638952,6440473,1045862,5394611,2871541,627200,2244341
201507,臺中港,4935705,1383509,3552196,4379463,1285812,3093651,556242,97697,458545
201507,基隆港,1833636,608989,1224647,1516370,545044,971326,317266,63945,253321
201507,臺北港,1402366,124389,1277977,1197890,98235,1099655,204476,26154,178322
201507,花蓮港,1064913,709795,355118,289517,48899,240618,775396,660896,114500
201507,蘇澳港,495429,116837,378592,451504,83737,367767,43925,33100,10825
201507,安平港,90541,36462,54079,77316,36462,40854,13225,0,13225
201508,國際商港,20917125,4608465,16308660,16252047,3262094,12989953,4665078,1346371,3318707
201508,高雄港,9221575,1498324,7723251,6450379,1003056,5447323,2771196,495268,2275928
201508,臺中港,6956036,1725459,5230577,6364600,1625370,4739230,591436,100089,491347
201508,基隆港,1661907,478904,1183003,1350758,413060,937698,311149,65844,245305
201508,臺北港,1632737,191779,1440958,1416489,139022,1277467,216248,52757,163491
201508,花蓮港,931122,587090,344032,241609,10577,231032,689513,576513,113000
201508,蘇澳港,435318,102509,332809,363245,46609,316636,72073,55900,16173
201508,安平港,78430,24400,54030,64967,24400,40567,13463,0,13463
201509,國際商港,19260208,4182763,15077445,14556357,2789202,11767155,4703851,1393561,3310290
201509,高雄港,9303314,1417274,7886040,6462596,903189,5559407,2840718,514085,2326633
201509,臺中港,5567554,1204271,4363283,4956186,1107756,3848430,611368,96515,514853
201509,臺北港,1574757,190796,1383961,1351853,136476,1215377,222904,54320,168584
201509,基隆港,1547372,541559,1005813,1259445,471917,787528,287927,69642,218285
201509,花蓮港,855520,615923,239597,223596,57999,165597,631924,557924,74000
201509,蘇澳港,325992,175040,150952,221917,73965,147952,104075,101075,3000
201509,安平港,85699,37900,47799,80764,37900,42864,4935,0,4935
201510,國際商港,19896177,4858473,15037704,14930176,3305967,11624209,4966001,1552506,3413495
201510,高雄港,9188469,1782149,7406320,6221478,1200238,5021240,2966991,581911,2385080
201510,臺中港,5946370,1411307,4535063,5244612,1253437,3991175,701758,157870,543888
201510,臺北港,1649938,299939,1349999,1431579,246275,1185304,218359,53664,164695
201510,基隆港,1575966,550957,1025009,1236742,478396,758346,339224,72561,266663
201510,花蓮港,935831,663570,272261,276431,38670,237761,659400,624900,34500
201510,蘇澳港,499164,112351,386813,423896,50751,373145,75268,61600,13668
201510,安平港,100439,38200,62239,95438,38200,57238,5001,0,5001
201511,國際商港,19613646,4871898,14741748,14889219,3362428,11526791,4724427,1509470,3214957
201511,高雄港,9161768,1677180,7484588,6382075,1165749,5216326,2779693,511431,2268262
201511,臺中港,6181643,1574544,4607099,5543877,1455055,4088822,637766,119489,518277
201511,臺北港,1492978,235094,1257884,1270046,173935,1096111,222932,61159,161773
201511,基隆港,1431617,528107,903510,1139664,445162,694502,291953,82945,209008
201511,花蓮港,935266,732746,202520,199646,36126,163520,735620,696620,39000
201511,蘇澳港,335246,84401,250845,287825,46801,241024,47421,37600,9821
201511,安平港,75128,39826,35302,66086,39600,26486,9042,226,8816
201512,國際商港,19017194,4668339,14348855,14214019,3163252,11050767,4803175,1505087,3298088
201512,高雄港,8705472,1533123,7172349,5900618,1024249,4876369,2804854,508874,2295980
201512,臺中港,5652452,1459470,4192982,5011435,1347913,3663522,641017,111557,529460
201512,基隆港,1621597,605393,1016204,1324423,537233,787190,297174,68160,229014
201512,臺北港,1528316,216236,1312080,1302242,164015,1138227,226074,52221,173853
201512,花蓮港,975082,697539,277543,260587,26009,234578,714495,671530,42965
201512,蘇澳港,442535,117853,324682,334175,25353,308822,108360,92500,15860
201512,安平港,91740,38725,53015,80539,38480,42059,11201,245,10956
201601,國際商港,19237075,4501847,14735228,14523095,3137841,11385254,4713980,1364006,3349974
201601,高雄港,8507572,1689711,6817861,5792610,1138562,4654048,2714962,551149,2163813
201601,臺中港,5789081,1308572,4480509,5033467,1207063,3826404,755614,101509,654105
201601,臺北港,1887180,300006,1587174,1656272,249182,1407090,230908,50824,180084
201601,基隆港,1587220,482155,1105065,1297721,426429,871292,289499,55726,233773
201601,花蓮港,866827,555140,311687,257500,23313,234187,609327,531827,77500
201601,蘇澳港,497478,130592,366886,393261,60692,332569,104217,69900,34317
201601,安平港,101717,35671,66046,92264,32600,59664,9453,3071,6382
201602,國際商港,17426490,3726989,13699501,13083470,2586392,10497078,4343020,1140597,3202423
201602,高雄港,8859045,1259787,7599258,6109104,797125,5311979,2749941,462662,2287279
201602,臺中港,5554191,1475786,4078405,4952565,1367638,3584927,601626,108148,493478
201602,臺北港,1080163,117143,963020,892038,85887,806151,188125,31256,156869
201602,基隆港,876754,251171,625583,659924,211444,448480,216830,39727,177103
201602,花蓮港,598536,423177,175359,138644,38285,100359,459892,384892,75000
201602,蘇澳港,387132,181013,206119,266642,69713,196929,120490,111300,9190
201602,安平港,70669,18912,51757,64553,16300,48253,6116,2612,3504
201603,國際商港,21833624,4676551,17157073,16472986,3215152,13257834,5360638,1461399,3899239
201603,高雄港,10553346,1573409,8979937,7389847,1028478,6361369,3163499,544931,2618568
201603,臺中港,6531226,1468627,5062599,5640893,1330858,4310035,890333,137769,752564
201603,臺北港,1740592,332701,1407891,1496078,272877,1223201,244514,59824,184690
201603,基隆港,1499895,468026,1031869,1178390,404126,774264,321505,63900,257605
201603,花蓮港,930533,569896,360637,361394,57757,303637,569139,512139,57000
201603,蘇澳港,469413,218125,251288,313174,81756,231418,156239,136369,19870
201603,安平港,108619,45767,62852,93210,39300,53910,15409,6467,8942
201604,國際商港,21041064,4656905,16384159,15782548,3219550,12562998,5258516,1437355,3821161
201604,高雄港,10090676,1844986,8245690,6771684,1254833,5516851,3318992,590153,2728839
201604,臺中港,6401539,1197249,5204290,5702902,1067172,4635730,698637,130077,568560
201604,臺北港,1836914,382912,1454002,1602908,352101,1250807,234006,30811,203195
201604,基隆港,1416921,434507,982414,1118225,372850,745375,298696,61657,237039
201604,花蓮港,732393,583229,149164,142814,50650,92164,589579,532579,57000
201604,蘇澳港,455044,179345,275699,355435,93945,261490,99609,85400,14209
201604,安平港,107577,34677,72900,88580,27999,60581,18997,6678,12319
201605,國際商港,23021469,4474603,18546866,17733471,3162253,14571218,5287998,1312350,3975648
201605,高雄港,11027061,1238440,9788621,7670768,754488,6916280,3356293,483952,2872341
201605,臺中港,6946659,1535075,5411584,6211156,1429020,4782136,735503,106055,629448
201605,臺北港,2153276,454476,1698800,1909106,411145,1497961,244170,43331,200839
201605,基隆港,1617432,539041,1078391,1264634,420807,843827,352798,118234,234564
201605,花蓮港,764550,557196,207354,235655,28301,207354,528895,528895,0
201605,蘇澳港,348160,104593,243567,293470,78993,214477,54690,25600,29090
201605,安平港,164331,45782,118549,148682,39499,109183,15649,6283,9366
201606,國際商港,19756188,3546896,16209292,14768992,2419865,12349127,4987196,1127031,3860165
201606,高雄港,9129884,1127198,8002686,6108838,752973,5355865,3021046,374225,2646821
201606,臺中港,6194617,972911,5221706,5471488,867881,4603607,723129,105030,618099
201606,臺北港,1699966,301177,1398789,1470882,269838,1201044,229084,31339,197745
201606,基隆港,1515176,497891,1017285,1202309,421447,780862,312867,76444,236423
201606,花蓮港,760773,468600,292173,183947,19671,164276,576826,448929,127897
201606,蘇澳港,375086,147294,227792,269101,58694,210407,105985,88600,17385
201606,安平港,80686,31825,48861,62427,29361,33066,18259,2464,15795
201607,國際商港,21244939,4324074,16920865,16136464,3033070,13103394,5108475,1291004,3817471
201607,高雄港,9814506,1268053,8546453,6644646,742306,5902340,3169860,525747,2644113
201607,臺中港,6958406,1704111,5254295,6281914,1601181,4680733,676492,102930,573562
201607,臺北港,1748461,226891,1521570,1491478,174692,1316786,256983,52199,204784
201607,基隆港,1446041,470112,975929,1161081,403110,757971,284960,67002,217958
201607,花蓮港,842606,510312,332294,233825,38631,195194,608781,471681,137100
201607,蘇澳港,329007,105450,223557,233516,37150,196366,95491,68300,27191
201607,安平港,105912,39145,66767,90004,36000,54004,15908,3145,12763
201608,國際商港,21243321,3788528,17454793,16085079,2387993,13697086,5158242,1400535,3757707
201608,高雄港,10163987,991543,9172444,7080230,608250,6471980,3083757,383293,2700464
201608,臺中港,6164593,1213306,4951287,5452046,1101632,4350414,712547,111674,600873
201608,臺北港,1769825,257493,1512332,1490421,170864,1319557,279404,86629,192775
201608,基隆港,1625528,461893,1163635,1336367,386443,949924,289161,75450,213711
201608,花蓮港,928588,632940,295648,302818,25170,277648,625770,607770,18000
201608,蘇澳港,493042,206169,286873,336001,72000,264001,157041,134169,22872
201608,安平港,97758,25184,72574,87196,23634,63562,10562,1550,9012
201609,國際商港,17027943,3212716,13815227,12785922,2186716,10599206,4242021,1026000,3216021
201609,高雄港,7863266,1021278,6841988,5183889,653212,4530677,2679377,368066,2311311
201609,臺中港,5649694,1084177,4565517,5125918,1001514,4124404,523776,82663,441113
201609,臺北港,1291250,161638,1129612,1078579,119448,959131,212671,42190,170481
201609,基隆港,1153223,382139,771084,926787,335132,591655,226436,47007,179429
201609,花蓮港,678501,437728,240773,183823,27354,156469,494678,410374,84304
201609,蘇澳港,302010,96756,205254,206287,21056,185231,95723,75700,20023
201609,安平港,89999,29000,60999,80639,29000,51639,9360,0,9360
201610,國際商港,22962333,3680377,19281956,17600437,2349285,15251152,5361896,1331092,4030804
201610,高雄港,10545699,973907,9571792,7418785,485659,6933126,3126914,488248,2638666
201610,臺中港,7537322,1402356,6134966,6685647,1260637,5425010,851675,141719,709956
201610,臺北港,1933096,187208,1745888,1649298,112163,1537135,283798,75045,208753
201610,基隆港,1509432,467785,1041647,1166670,349478,817192,342762,118307,224455
201610,花蓮港,937554,530257,407297,277730,47029,230701,659824,483228,176596
201610,蘇澳港,406052,85864,320188,314495,61319,253176,91557,24545,67012
201610,安平港,93178,33000,60178,87812,33000,54812,5366,0,5366
201611,國際商港,20666772,3940750,16726022,15733953,2728134,13005819,4932819,1212616,3720203
201611,高雄港,9929263,1322867,8606396,6987142,895966,6091176,2942121,426901,2515220
201611,臺中港,6283994,1327086,4956908,5576287,1222917,4353370,707707,104169,603538
201611,臺北港,1727849,164152,1563697,1510588,123926,1386662,217261,40226,177035
201611,基隆港,1360546,432911,927635,1066320,364969,701351,294226,67942,226284
201611,花蓮港,877932,503414,374518,220939,18845,202094,656993,484569,172424
201611,蘇澳港,400198,150011,250187,290662,62211,228451,109536,87800,21736
201611,安平港,86990,40309,46681,82015,39300,42715,4975,1009,3966
201612,國際商港,20561647,3695719,16865928,15224021,2155033,13068988,5337626,1540686,3796940
201612,高雄港,10136511,1050072,9086439,6981681,511624,6470057,3154830,538448,2616382
201612,臺中港,5448048,1090160,4357888,4709376,971356,3738020,738672,118804,619868
201612,臺北港,1875074,209533,1665541,1622092,146533,1475559,252982,63000,189982
201612,基隆港,1616076,483509,1132567,1334356,424402,909954,281720,59107,222613
201612,花蓮港,770212,505997,264215,156719,20423,136296,613493,485574,127919
201612,蘇澳港,385266,103156,282110,306031,34254,271777,79235,68902,10333
201612,安平港,330460,253292,77168,113766,46441,67325,216694,206851,9843
201701,國際商港,21471287,3863667,17607620,16790158,2669658,14120500,4681129,1194009,3487120
201701,高雄港,9958822,1269520,8689302,7183371,1008462,6174909,2775451,261058,2514393
201701,臺中港,6559138,1026628,5532510,6034302,926093,5108209,524836,100535,424301
201701,臺北港,1881019,208946,1672073,1654567,173961,1480606,226452,34985,191467
201701,基隆港,1474891,490388,984503,1222382,420173,802209,252509,70215,182294
201701,花蓮港,820717,459553,361164,287694,52459,235235,533023,407094,125929
201701,蘇澳港,393062,104666,288396,295354,45966,249388,97708,58700,39008
201701,安平港,383638,303966,79672,112488,42544,69944,271150,261422,9728
201702,國際商港,18753144,3463433,15289711,14248742,2405013,11843729,4504402,1058420,3445982
201702,高雄港,9354110,1101627,8252483,6570578,731747,5838831,2783532,369880,2413652
201702,臺中港,5428075,1193616,4234459,4795569,1067387,3728182,632506,126229,506277
201702,臺北港,1581693,206352,1375341,1351395,171942,1179453,230298,34410,195888
201702,基隆港,1246187,370025,876162,991329,311781,679548,254858,58244,196614
201702,花蓮港,742220,374026,368194,293951,30820,263131,448269,343206,105063
201702,蘇澳港,270258,141246,129012,164946,62036,102910,105312,79210,26102
201702,安平港,130601,76541,54060,80974,29300,51674,49627,47241,2386
201703,國際商港,21548321,3903444,17644877,16659850,2695393,13964457,4888471,1208051,3680420
201703,高雄港,10309258,1268887,9040371,7343643,856187,6487456,2965615,412700,2552915
201703,臺中港,6753962,1295403,5458559,6021746,1165401,4856345,732216,130002,602214
201703,臺北港,1722782,203620,1519162,1459716,146803,1312913,263066,56817,206249
201703,基隆港,1552081,429941,1122140,1243363,342525,900838,308718,87416,221302
201703,花蓮港,689610,523873,165737,148334,48657,99677,541276,475216,66060
201703,蘇澳港,395591,148820,246771,325871,102920,222951,69720,45900,23820
201703,安平港,125037,32900,92137,117177,32900,84277,7860,0,7860
201704,國際商港,21302546,3473017,17829529,16544229,2379829,14164400,4758317,1093188,3665129
201704,高雄港,10012840,935139,9077701,7261375,659752,6601623,2751465,275387,2476078
201704,臺中港,6301054,1158605,5142449,5559245,1029413,4529832,741809,129192,612617
201704,臺北港,2083267,269690,1813577,1780012,201265,1578747,303255,68425,234830
201704,基隆港,1437288,416431,1020857,1138094,336687,801407,299194,79744,219450
201704,花蓮港,867824,523128,344696,289574,31788,257786,578250,491340,86910
201704,蘇澳港,472307,132124,340183,398773,83024,315749,73534,49100,24434
201704,安平港,127966,37900,90066,117156,37900,79256,10810,0,10810
201705,國際商港,22301276,4438314,17862962,17245058,3251707,13993351,5056218,1186607,3869611
201705,高雄港,10659379,1360421,9298958,7507209,948330,6558879,3152170,412091,2740079
201705,臺中港,7065879,1796244,5269635,6387261,1642201,4745060,678618,154043,524575
201705,臺北港,1805525,293242,1512283,1513249,251686,1261563,292276,41556,250720
201705,基隆港,1520862,373876,1146986,1201450,290442,911008,319412,83434,235978
201705,花蓮港,717179,462879,254300,183415,31461,151954,533764,431418,102346
201705,蘇澳港,407875,115787,292088,331630,51787,279843,76245,64000,12245
201705,安平港,124577,35865,88712,120844,35800,85044,3733,65,3668
201706,國際商港,19962974,3413478,16549496,15297847,2283663,13014184,4665127,1129815,3535312
201706,高雄港,9539096,1000169,8538927,6609950,575589,6034361,2929146,424580,2504566
201706,臺中港,6039926,1083504,4956422,5416389,944769,4471620,623537,138735,484802
201706,臺北港,1814254,308550,1505704,1527407,263971,1263436,286847,44579,242268
201706,基隆港,1492374,455082,1037292,1226385,411482,814903,265989,43600,222389
201706,花蓮港,735179,451665,283514,263958,35944,228014,471221,415721,55500
201706,蘇澳港,269549,86108,183441,191869,23508,168361,77680,62600,15080
201706,安平港,72596,28400,44196,61889,28400,33489,10707,0,10707
201707,國際商港,21371357,4119353,17252004,16152736,2975505,13177231,5218621,1143848,4074773
201707,高雄港,9831625,1302893,8528732,6592379,928388,5663991,3239246,374505,2864741
201707,臺中港,6645540,1564031,5081509,5870363,1388457,4481906,775177,175574,599603
201707,臺北港,2189099,222734,1966365,1871099,167605,1703494,318000,55129,262871
201707,基隆港,1485303,384663,1100640,1192569,329612,862957,292734,55051,237683
201707,花蓮港,770397,447629,322768,281306,55040,226266,489091,392589,96502
201707,蘇澳港,347093,164116,182977,249413,73116,176297,97680,91000,6680
201707,安平港,102300,33287,69013,95607,33287,62320,6693,0,6693
201708,國際商港,20722449,3486197,17236252,15915754,2380894,13534860,4806695,1105303,3701392
201708,高雄港,9362685,1138874,8223811,6402746,757928,5644818,2959939,380946,2578993
201708,臺中港,6815250,1143940,5671310,6114391,1001552,5112839,700859,142388,558471
201708,臺北港,1920810,182244,1738566,1633184,137078,1496106,287626,45166,242460
201708,基隆港,1388821,387969,1000852,1104405,341197,763208,284416,46772,237644
201708,花蓮港,774888,501565,273323,278957,44634,234323,495931,456931,39000
201708,蘇澳港,366464,96876,269588,296395,63776,232619,70069,33100,36969
201708,安平港,93531,34729,58802,85676,34729,50947,7855,0,7855
201709,國際商港,20500845,3537354,16963491,15786067,2409969,13376098,4714778,1127385,3587393
201709,高雄港,9761621,1058946,8702675,6963529,678695,6284834,2798092,380251,2417841
201709,臺中港,6149571,1250948,4898623,5461123,1130516,4330607,688448,120432,568016
201709,臺北港,2066686,215918,1850768,1742314,163616,1578698,324372,52302,272070
201709,基隆港,1422906,409239,1013667,1090623,321166,769457,332283,88073,244210
201709,花蓮港,623266,444139,179127,166803,31919,134884,456463,412220,44243
201709,蘇澳港,366279,117864,248415,256053,43757,212296,110226,74107,36119
201709,安平港,110516,40300,70216,105622,40300,65322,4894,0,4894
201710,國際商港,19772029,3585086,16186943,15178536,2566332,12612204,4593493,1018754,3574739
201710,高雄港,8863246,883259,7979987,6113634,535181,5578453,2749612,348078,2401534
201710,臺中港,6351415,1448269,4903146,5648227,1322710,4325517,703188,125559,577629
201710,臺北港,2011949,294456,1717493,1704249,220474,1483775,307700,73982,233718
201710,基隆港,1402402,470198,932204,1066673,370485,696188,335729,99713,236016
201710,花蓮港,678522,357381,321141,282100,33159,248941,396422,324222,72200
201710,蘇澳港,362520,101223,261297,270667,54023,216644,91853,47200,44653
201710,安平港,101975,30300,71675,92986,30300,62686,8989,0,8989
201711,國際商港,18708450,3733407,14975043,14073517,2781750,11291767,4634933,951657,3683276
201711,高雄港,8645658,980160,7665498,5940465,664149,5276316,2705193,316011,2389182
201711,臺中港,5645841,1509592,4136249,4886778,1396029,3490749,759063,113563,645500
201711,臺北港,1806263,181188,1625075,1509061,147204,1361857,297202,33984,263218
201711,基隆港,1624034,494734,1129300,1294577,441079,853498,329457,53655,275802
201711,花蓮港,624488,448538,175950,124224,26894,97330,500264,421644,78620
201711,蘇澳港,227848,79017,148831,187700,66217,121483,40148,12800,27348
201711,安平港,134318,40178,94140,130712,40178,90534,3606,0,3606
201712,國際商港,20069790,3479340,16590450,15348165,2509553,12838612,4721625,969787,3751838
201712,高雄港,9772632,643937,9128695,6937078,332174,6604904,2835554,311763,2523791
201712,臺中港,5592590,1687118,3905472,4865622,1562038,3303584,726968,125080,601888
201712,臺北港,2239987,191892,2048095,1910422,147057,1763365,329565,44835,284730
201712,基隆港,1416853,422165,994688,1073574,328853,744721,343279,93312,249967
201712,花蓮港,621524,406114,215410,197627,42117,155510,423897,363997,59900
201712,蘇澳港,313070,82314,230756,259864,51514,208350,53206,30800,22406
201712,安平港,113134,45800,67334,103978,45800,58178,9156,0,9156
201801,國際商港,21501839,3789862,17711977,16393479,2634200,13759279,5108360,1155662,3952698
201801,高雄港,9433161,982142,8451019,6392293,601958,5790335,3040868,380184,2660684
201801,臺中港,7179862,1548211,5631651,6426598,1415715,5010883,753264,132496,620768
201801,臺北港,2163079,164578,1998501,1803414,90249,1713165,359665,74329,285336
201801,基隆港,1479850,411893,1067957,1116879,355893,760986,362971,56000,306971
201801,花蓮港,774471,500076,274395,307024,73223,233801,467447,426853,40594
201801,蘇澳港,380008,148362,231646,269419,62562,206857,110589,85800,24789
201801,安平港,91408,34600,56808,77852,34600,43252,13556,0,13556
201802,國際商港,17072257,3125450,13946807,12923196,2236120,10687076,4149061,889330,3259731
201802,高雄港,8337627,975402,7362225,5728141,687099,5041042,2609486,288303,2321183
201802,臺中港,5101750,1166908,3934842,4576031,1061191,3514840,525719,105717,420002
201802,臺北港,1670143,252448,1417695,1298257,134597,1163660,371886,117851,254035
201802,基隆港,1044658,275252,769406,812721,240485,572236,231937,34767,197170
201802,花蓮港,492569,300680,191889,180197,27338,152859,312372,273342,39030
201802,蘇澳港,339407,121960,217447,250739,52610,198129,88668,69350,19318
201802,安平港,86103,32800,53303,77110,32800,44310,8993,0,8993
201803,國際商港,21349032,4497767,16851265,16022103,3119757,12902346,5326929,1378010,3948919
201803,高雄港,11042210,1498402,9543808,7961325,1088363,6872962,3080885,410039,2670846
201803,臺中港,5992106,1599392,4392714,5243734,1475218,3768516,748372,124174,624198
201803,臺北港,1683681,263988,1419693,1179761,74579,1105182,503920,189409,314511
201803,基隆港,1513962,455615,1058347,1173844,357872,815972,340118,97743,242375
201803,花蓮港,554479,455911,98568,82434,33466,48968,472045,422445,49600
201803,蘇澳港,425266,185659,239607,252603,51459,201144,172663,134200,38463
201803,安平港,137328,38800,98528,128402,38800,89602,8926,0,8926
201804,國際商港,19667710,4097750,15569960,14842086,2945661,11896425,4825624,1152089,3673535
201804,高雄港,9296825,1168878,8127947,6519555,852807,5666748,2777270,316071,2461199
201804,臺中港,6350389,1636137,4714252,5637988,1527869,4110119,712401,108268,604133
201804,基隆港,1344689,486143,858546,1026783,386676,640107,317906,99467,218439
201804,臺北港,1325616,154205,1171411,902954,35357,867597,422662,118848,303814
201804,花蓮港,754012,451655,302357,311184,47827,263357,442828,403828,39000
201804,蘇澳港,465339,153832,311507,327269,48225,279044,138070,105607,32463
201804,安平港,130840,46900,83940,116353,46900,69453,14487,0,14487
201805,國際商港,21168665,4642613,16526052,15973802,3388487,12585315,5194863,1254126,3940737
201805,高雄港,10268833,1599794,8669039,7224935,1279788,5945147,3043898,320006,2723892
201805,臺中港,6297796,1514895,4782901,5569653,1363558,4206095,728143,151337,576806
201805,臺北港,1749797,222018,1527779,1351506,109376,1242130,398291,112642,285649
201805,基隆港,1616764,583424,1033340,1220341,464381,755960,396423,119043,277380
201805,花蓮港,739818,487958,251860,225606,28581,197025,514212,459377,54835
201805,蘇澳港,410007,196028,213979,305682,104603,201079,104325,91425,12900
201805,安平港,85650,38496,47154,76079,38200,37879,9571,296,9275
201806,國際商港,20839357,4936702,15902655,15749120,3668654,12080466,5090237,1268048,3822189
201806,高雄港,9814295,1808840,8005455,6845425,1432976,5412449,2968870,375864,2593006
201806,臺中港,6510849,1743032,4767817,5826277,1604596,4221681,684572,138436,546136
201806,基隆港,1630468,490933,1139535,1291141,408893,882248,339327,82040,257287
201806,臺北港,1488127,209519,1278608,1054743,84990,969753,433384,124529,308855
201806,花蓮港,867703,522167,345536,329724,50688,279036,537979,471479,66500
201806,蘇澳港,376575,128275,248300,268962,52575,216387,107613,75700,31913
201806,安平港,151340,33936,117404,132848,33936,98912,18492,0,18492
201807,國際商港,21800496,4932121,16868375,16630240,3539528,13090712,5170256,1392593,3777663
201807,高雄港,9893101,1480884,8412217,6886287,1020730,5865557,3006814,460154,2546660
201807,臺中港,7303165,2038780,5264385,6550279,1907898,4642381,752886,130882,622004
201807,基隆港,1695842,542404,1153438,1351162,440287,910875,344680,102117,242563
201807,臺北港,1652824,192938,1459886,1232355,55013,1177342,420469,137925,282544
201807,花蓮港,679987,497543,182444,150380,24394,125986,529607,473149,56458
201807,蘇澳港,467873,148772,319101,366254,60406,305848,101619,88366,13253
201807,安平港,107704,30800,76904,93523,30800,62723,14181,0,14181
201808,國際商港,19756028,4181787,15574241,15146505,2988808,12157697,4609523,1192979,3416544
201808,高雄港,9390976,1587707,7803269,6746090,1198523,5547567,2644886,389184,2255702
201808,臺中港,6366794,1311871,5054923,5699655,1215067,4484588,667139,96804,570335
201808,臺北港,1566448,180375,1386073,1178453,53726,1124727,387995,126649,261346
201808,基隆港,1384708,428558,956150,1060723,378942,681781,323985,49616,274369
201808,花蓮港,596006,478617,117389,113592,39323,74269,482414,439294,43120
201808,蘇澳港,343860,158616,185244,248671,67227,181444,95189,91389,3800
201808,安平港,107236,36043,71193,99321,36000,63321,7915,43,7872
201809,國際商港,19996936,4218882,15778054,14907918,2975622,11932296,5089018,1243260,3845758
201809,基隆港,1357442,478270,879172,999074,394691,604383,358368,83579,274789
201809,臺中港,5789077,1399142,4389935,5041569,1262542,3779027,747508,136600,610908
201809,高雄港,10127610,1479686,8647924,7155109,1106272,6048837,2972501,373414,2599087
201809,花蓮港,768137,529263,238874,262864,41990,220874,505273,487273,18000
201809,臺北港,1410510,150602,1259908,1005619,43308,962311,404891,107294,297597
201809,蘇澳港,416044,145239,270805,334607,90139,244468,81437,55100,26337
201809,安平港,128116,36680,91436,109076,36680,72396,19040,0,19040
201810,國際商港,22096699,4754966,17341733,16814904,3423082,13391822,5281795,1331884,3949911
201810,基隆港,1428058,576290,851768,1080344,477552,602792,347714,98738,248976
201810,臺中港,7032711,1671582,5361129,6302277,1537396,4764881,730434,134186,596248
201810,高雄港,10871913,1571264,9300649,7824409,1210030,6614379,3047504,361234,2686270
201810,花蓮港,869423,572532,296891,216961,28104,188857,652462,544428,108034
201810,臺北港,1487577,235076,1252501,1058698,81478,977220,428879,153598,275281
201810,蘇澳港,265482,72722,192760,210602,33022,177580,54880,39700,15180
201810,安平港,141535,55500,86035,121613,55500,66113,19922,0,19922
201811,國際商港,17210186,4477705,12732481,12439021,3177318,9261703,4771165,1300387,3470778
201811,基隆港,1375281,479377,895904,1065908,420845,645063,309373,58532,250841
201811,臺中港,3465549,1039126,2426423,2904220,958800,1945420,561329,80326,481003
201811,高雄港,9731373,1862831,7868542,7000518,1508907,5491611,2730855,353924,2376931
201811,花蓮港,715960,561082,154878,130391,39463,90928,585569,521619,63950
201811,臺北港,1418159,274914,1143245,985458,105338,880120,432701,169576,263125
201811,蘇澳港,336595,181975,154620,212185,65565,146620,124410,116410,8000
201811,安平港,167269,78400,88869,140341,78400,61941,26928,0,26928
201812,國際商港,20158089,4361665,15796424,15061379,3034624,12026755,5096710,1327041,3769669
201812,基隆港,1409779,545939,863840,1094964,478142,616822,314815,67797,247018
201812,臺中港,5424148,1276641,4147507,4698767,1139607,3559160,725381,137034,588347
201812,高雄港,10589646,1566492,9023154,7663179,1214672,6448507,2926467,351820,2574647
201812,花蓮港,928392,583167,345225,323614,42884,280730,604778,540283,64495
201812,臺北港,1407927,239988,1167939,965441,62804,902637,442486,177184,265302
201812,蘇澳港,263649,101138,162511,206726,48215,158511,56923,52923,4000
201812,安平港,134548,48300,86248,108688,48300,60388,25860,0,25860
201901,國際商港,20523113,4654074,15869039,15494414,3326970,12167444,5028699,1327104,3701595
201901,基隆港,1428651,520177,908474,1161363,473817,687546,267288,46360,220928
201901,臺中港,6842980,1473425,5369555,6151597,1335575,4816022,691383,137850,553533
201901,高雄港,9619573,1685155,7934418,6616750,1277068,5339682,3002823,408087,2594736
201901,花蓮港,757144,538830,218314,163267,6143,157124,593877,532687,61190
201901,臺北港,1459862,218166,1241696,1082671,71316,1011355,377191,146850,230341
201901,蘇澳港,302627,168821,133806,224141,113551,110590,78486,55270,23216
201901,安平港,112276,49500,62776,94625,49500,45125,17651,0,17651
201902,國際商港,13741902,3865236,9876666,9833480,2788756,7044724,3908422,1076480,2831942
201902,基隆港,817908,351999,465909,564480,278645,285835,253428,73354,180074
201902,臺中港,4290485,1259567,3030918,3661906,1134361,2527545,628579,125206,503373
201902,高雄港,6873309,1559379,5313930,4671590,1188697,3482893,2201719,370682,1831037
201902,花蓮港,477828,381067,96761,62434,27523,34911,415394,353544,61850
201902,臺北港,833097,127936,705161,495686,12642,483044,337411,115294,222117
201902,蘇澳港,357952,150388,207564,303622,111988,191634,54330,38400,15930
201902,安平港,91323,34900,56423,73762,34900,38862,17561,0,17561
201903,國際商港,20638050,3984876,16653174,15170669,2675568,12495101,5467381,1309308,4158073
201903,基隆港,1381384,511458,869926,1066817,454451,612366,314567,57007,257560
201903,臺中港,5948696,1123895,4824801,5097419,915410,4182009,851277,208485,642792
201903,高雄港,10214040,1441180,8772860,7108284,1116429,5991855,3105756,324751,2781005
201903,花蓮港,784858,569112,215746,225315,42389,182926,559543,526723,32820
201903,臺北港,1753044,180813,1572231,1256565,22871,1233694,496479,157942,338537
201903,蘇澳港,411912,105077,306835,283062,70677,212385,128850,34400,94450
201903,安平港,144116,53341,90775,133207,53341,79866,10909,0,10909
201904,國際商港,19962879,4522048,15440831,14609491,3113952,11495539,5353388,1408096,3945292
201904,基隆港,1363029,556564,806465,1070016,499080,570936,293013,57484,235529
201904,臺中港,5673407,1318182,4355225,4912419,1187738,3724681,760988,130444,630544
201904,高雄港,10393700,1696719,8696981,7112155,1135171,5976984,3281545,561548,2719997
201904,花蓮港,675945,575264,100681,143414,96758,46656,532531,478506,54025
201904,臺北港,1477210,216492,1260718,1059828,61978,997850,417382,154514,262868
201904,蘇澳港,244466,96497,147969,193666,70897,122769,50800,25600,25200
201904,安平港,135122,62330,72792,117993,62330,55663,17129,0,17129
201905,國際商港,19693275,4664805,15028470,14192052,3176778,11015274,5501223,1488027,4013196
201905,基隆港,1419664,525955,893709,1102802,462893,639909,316862,63062,253800
201905,臺中港,5561243,1381418,4179825,4737521,1227022,3510499,823722,154396,669326
201905,高雄港,9799552,1840107,7959445,6537332,1232003,5305329,3262220,608104,2654116
201905,花蓮港,883251,524955,358296,337275,56729,280546,545976,468226,77750
201905,臺北港,1559659,283631,1276028,1110646,136992,973654,449013,146639,302374
201905,蘇澳港,321024,70739,250285,232776,23139,209637,88248,47600,40648
201905,安平港,148882,38000,110882,133700,38000,95700,15182,0,15182
201906,國際商港,20289879,4811872,15478007,14531436,3370745,11160691,5758443,1441127,4317316
201906,基隆港,1365084,455156,909928,1020745,403085,617660,344339,52071,292268
201906,臺中港,6023354,1393481,4629873,5135746,1244608,3891138,887608,148873,738735
201906,高雄港,10239957,2103091,8136866,6806520,1544439,5262081,3433437,558652,2874785
201906,花蓮港,815670,526878,288792,247532,40780,206752,568138,486098,82040
201906,臺北港,1457614,175906,1281708,1038776,46008,992768,418838,129898,288940
201906,蘇澳港,287455,117628,169827,201092,52925,148167,86363,64703,21660
201906,安平港,100745,39732,61013,81025,38900,42125,19720,832,18888
201907,國際商港,21313452,4852652,16460800,15844332,3295345,12548987,5469120,1557307,3911813
201907,基隆港,1444623,533209,911414,1116494,463589,652905,328129,69620,258509
201907,臺中港,6408616,1669931,4738685,5569988,1503989,4065999,838628,165942,672686
201907,高雄港,10632416,1676920,8955496,7458110,1163023,6295087,3174306,513897,2660409
201907,花蓮港,771886,573481,198405,213566,24861,188705,558320,548620,9700
201907,臺北港,1396559,185391,1211168,970091,34707,935384,426468,150684,275784
201907,蘇澳港,572979,172476,400503,441199,63976,377223,131780,108500,23280
201907,安平港,86373,41244,45129,74884,41200,33684,11489,44,11445
201908,國際商港,18867191,4278609,14588582,13613937,2813299,10800638,5253254,1465310,3787944
201908,基隆港,1154827,446144,708683,865804,403818,461986,289023,42326,246697
201908,臺中港,5766954,1465085,4301869,4953598,1289798,3663800,813356,175287,638069
201908,高雄港,9230421,1521457,7708964,6173005,983068,5189937,3057416,538389,2519027
201908,花蓮港,723722,513067,210655,162586,18631,143955,561136,494436,66700
201908,臺北港,1516328,171822,1344506,1104213,39650,1064563,412115,132172,279943
201908,蘇澳港,341902,138434,203468,240207,55734,184473,101695,82700,18995
201908,安平港,133037,22600,110437,114524,22600,91924,18513,0,18513
201909,國際商港,19407951,4028635,15379316,14428912,2532738,11896174,4979039,1495897,3483142
201909,基隆港,1263849,487262,776587,984801,448705,536096,279048,38557,240491
201909,臺中港,6365219,1193784,5171435,5585659,1024894,4560765,779560,168890,610670
201909,高雄港,9222135,1412115,7810020,6413686,884735,5528951,2808449,527380,2281069
201909,花蓮港,638316,486051,152265,100900,13885,87015,537416,472166,65250
201909,臺北港,1413290,233618,1179672,977560,59591,917969,435730,174027,261703
201909,蘇澳港,376441,167205,209236,252938,52328,200610,123503,114877,8626
201909,安平港,128701,48600,80101,113368,48600,64768,15333,0,15333
201910,國際商港,18700199,5102264,13597935,13540542,3485047,10055495,5159657,1617217,3542440
201910,基隆港,1243554,533994,709560,939903,479290,460613,303651,54704,248947
201910,臺中港,6019818,1806629,4213189,5141050,1643680,3497370,878768,162949,715819
201910,高雄港,8807068,1705502,7101566,6018490,1160441,4858049,2788578,545061,2243517
201910,花蓮港,809098,599228,209870,169689,27444,142245,639409,571784,67625
201910,臺北港,1374417,232759,1141658,960828,63740,897088,413589,169019,244570
201910,蘇澳港,291370,167052,124318,162570,53352,109218,128800,113700,15100
201910,安平港,154874,57100,97774,148012,57100,90912,6862,0,6862
201911,國際商港,18763573,4566872,14196701,14008762,3097889,10910873,4754811,1468983,3285828
201911,基隆港,1160787,459426,701361,872846,422787,450059,287941,36639,251302
201911,臺中港,5251208,1198962,4052246,4534179,1050414,3483765,717029,148548,568481
201911,高雄港,9647508,1957628,7689880,6938275,1405726,5532549,2709233,551902,2157331
201911,花蓮港,683517,558475,125042,139891,35743,104148,543626,522732,20894
201911,臺北港,1422982,186496,1236486,1025855,62734,963121,397127,123762,273365
201911,蘇澳港,458601,158385,300216,367201,72985,294216,91400,85400,6000
201911,安平港,138970,47500,91470,130515,47500,83015,8455,0,8455
201912,國際商港,18944005,4744381,14199624,13917251,3308169,10609082,5026754,1436212,3590542
201912,基隆港,1347791,556634,791157,1051886,514534,537352,295905,42100,253805
201912,臺中港,5439928,1335259,4104669,4639650,1152423,3487227,800278,182836,617442
201912,高雄港,9345150,1915962,7429188,6433119,1337442,5095677,2912031,578520,2333511
201912,花蓮港,812484,533126,279358,240928,41780,199148,571556,491346,80210
201912,臺北港,1569971,248148,1321823,1216938,144338,1072600,353033,103810,249223
201912,蘇澳港,282986,88452,194534,206401,50852,155549,76585,37600,38985
201912,安平港,145695,66800,78895,128329,66800,61529,17366,0,17366
202001,國際商港,15596668,3881828,11714840,10916143,2558101,8358042,4680525,1323727,3356798
202001,基隆港,1100833,400754,700079,855024,361033,493991,245809,39721,206088
202001,臺中港,3581187,833529,2747658,2946258,737685,2208573,634929,95844,539085
202001,高雄港,8770331,1784326,6986005,5964902,1218888,4746014,2805429,565438,2239991
202001,花蓮港,619898,460070,159828,135693,17385,118308,484205,442685,41520
202001,臺北港,1079482,166667,912815,738529,94728,643801,340953,71939,269014
202001,蘇澳港,325129,185682,139447,175576,77582,97994,149553,108100,41453
202001,安平港,119808,50800,69008,100161,50800,49361,19647,0,19647
202002,國際商港,18740643,4209159,14531484,13885713,2715527,11170186,4854930,1493632,3361298
202002,基隆港,1050065,498256,551809,830230,461427,368803,219835,36829,183006
202002,臺中港,6152447,1175164,4977283,5442610,1039038,4403572,709837,136126,573711
202002,高雄港,9084338,1638148,7446190,6176406,1044224,5132182,2907932,593924,2314008
202002,花蓮港,704866,535812,169054,182250,23196,159054,522616,512616,10000
202002,臺北港,1141420,179555,961865,757270,51579,705691,384150,127976,256174
202002,蘇澳港,478355,133863,344492,378709,49063,329646,99646,84800,14846
202002,安平港,129152,48361,80791,118238,47000,71238,10914,1361,9553
202003,國際商港,20276115,5496299,14779816,14877454,3972529,10904925,5398661,1523770,3874891
202003,基隆港,1449971,594591,855380,1142774,528048,614726,307197,66543,240654
202003,臺中港,5619466,1629253,3990213,4860000,1451752,3408248,759466,177501,581965
202003,高雄港,9909960,1977209,7932751,6749562,1479972,5269590,3160398,497237,2663161
202003,花蓮港,899305,618619,280686,277700,52894,224806,621605,565725,55880
202003,臺北港,1830843,369024,1461819,1423552,266060,1157492,407291,102964,304327
202003,蘇澳港,360214,178359,181855,229049,64559,164490,131165,113800,17365
202003,安平港,206356,129244,77112,194817,129244,65573,11539,0,11539
202004,國際商港,19609270,5326845,14282425,15205333,3961483,11243850,4403937,1365362,3038575
202004,基隆港,1467231,622804,844427,1172617,526327,646290,294614,96477,198137
202004,臺中港,6744720,1838534,4906186,6056116,1677733,4378383,688604,160801,527803
202004,高雄港,8778226,1789717,6988509,6316435,1375338,4941097,2461791,414379,2047412
202004,花蓮港,722897,613687,109210,200161,90951,109210,522736,522736,0
202004,臺北港,1484011,263737,1220274,1130024,144068,985956,353987,119669,234318
202004,蘇澳港,295972,139766,156206,219972,88466,131506,76000,51300,24700
202004,安平港,116213,58600,57613,110008,58600,51408,6205,0,6205
202005,國際商港,18958635,5176579,13782056,14323270,3711973,10611297,4635365,1464606,3170759
202005,基隆港,1369513,571278,798235,1066787,475954,590833,302726,95324,207402
202005,臺中港,5882289,1501449,4380840,5176586,1320130,3856456,705703,181319,524384
202005,高雄港,8721520,2011194,6710326,6080988,1441101,4639887,2640532,570093,2070439
202005,花蓮港,880066,642161,237905,281709,142454,139255,598357,499707,98650
202005,臺北港,1605491,292809,1312682,1292761,208846,1083915,312730,83963,228767
202005,蘇澳港,354777,108188,246589,287507,73988,213519,67270,34200,33070
202005,安平港,144979,49500,95479,136932,49500,87432,8047,0,8047
202006,國際商港,18845268,4853645,13991623,14203387,3270986,10932401,4641881,1582659,3059222
202006,基隆港,1370021,538722,831299,1055262,452967,602295,314759,85755,229004
202006,臺中港,5914046,1553386,4360660,5133768,1334462,3799306,780278,218924,561354
202006,高雄港,8787957,1769255,7018702,6261398,1184362,5077036,2526559,584893,1941666
202006,花蓮港,751746,568855,182891,155748,42627,113121,595998,526228,69770
202006,臺北港,1519042,229517,1289525,1242028,170052,1071976,277014,59465,217549
202006,蘇澳港,382046,148410,233636,251652,41016,210636,130394,107394,23000
202006,安平港,120410,45500,74910,103531,45500,58031,16879,0,16879
202007,國際商港,19161682,5127897,14033785,14315166,3561527,10753639,4846516,1566370,3280146
202007,基隆港,1519056,619882,899174,1175760,488339,687421,343296,131543,211753
202007,臺中港,5708395,1385563,4322832,4909605,1167015,3742590,798790,218548,580242
202007,高雄港,9249653,2074527,7175126,6702883,1563884,5138999,2546770,510643,2036127
202007,花蓮港,747895,529748,218147,111280,37615,73665,636615,492133,144482
202007,臺北港,1465740,312018,1153722,1085255,200464,884791,380485,111554,268931
202007,蘇澳港,353589,156798,196791,228401,56210,172191,125188,100588,24600
202007,安平港,117354,49361,67993,101982,48000,53982,15372,1361,14011
202008,國際商港,20733810,5100488,15633322,15886688,3615260,12271428,4847122,1485228,3361894
202008,基隆港,1410913,635849,775064,1020005,474005,546000,390908,161844,229064
202008,臺中港,7131356,1855228,5276128,6352871,1700789,4652082,778485,154439,624046
202008,高雄港,9047513,1610437,7437076,6433262,1150690,5282572,2614251,459747,2154504
202008,花蓮港,760220,520298,239922,219715,16793,202922,540505,503505,37000
202008,臺北港,1717904,295213,1422691,1345587,172020,1173567,372317,123193,249124
202008,蘇澳港,548471,142102,406369,407412,59602,347810,141059,82500,58559
202008,安平港,117433,41361,76072,107836,41361,66475,9597,0,9597
202009,國際商港,18516948,3975565,14541383,13783790,2546304,11237486,4733158,1429261,3303897
202009,基隆港,1288637,520103,768534,962202,413559,548643,326435,106544,219891
202009,臺中港,6151120,1061779,5089341,5394250,905236,4489014,756870,156543,600327
202009,高雄港,8603478,1549228,7054250,5981546,1021496,4960050,2621932,527732,2094200
202009,花蓮港,699053,520341,178712,119744,27762,91982,579309,492579,86730
202009,臺北港,1465614,196181,1269433,1098360,93018,1005342,367254,103163,264091
202009,蘇澳港,212408,89591,122817,136975,46891,90084,75433,42700,32733
202009,安平港,96638,38342,58296,90713,38342,52371,5925,0,5925
202010,國際商港,19328424,4393200,14935224,14140198,2851596,11288602,5188226,1541604,3646622
202010,基隆港,1371071,547752,823319,1038461,451087,587374,332610,96665,235945
202010,臺中港,6002671,1460361,4542310,5146124,1242709,3903415,856547,217652,638895
202010,高雄港,9281852,1524587,7757265,6312814,940413,5372401,2969038,584174,2384864
202010,花蓮港,743845,461522,282323,213257,12022,201235,530588,449500,81088
202010,臺北港,1470058,201081,1268977,1092929,101070,991859,377129,100011,277118
202010,蘇澳港,343124,133516,209608,232137,41729,190408,110987,91787,19200
202010,安平港,115803,64381,51422,104476,62566,41910,11327,1815,9512
202011,國際商港,19819002,4627481,15191521,14694876,3134308,11560568,5124126,1493173,3630953
202011,基隆港,1353642,594481,759161,1015064,510250,504814,338578,84231,254347
202011,臺中港,6120572,1398620,4721952,5226753,1214453,4012300,893819,184167,709652
202011,高雄港,9751625,1739561,8012064,6776880,1102600,5674280,2974745,636961,2337784
202011,花蓮港,738904,486931,251973,200221,9024,191197,538683,477907,60776
202011,臺北港,1471868,281748,1190120,1136621,197441,939180,335247,84307,250940
202011,蘇澳港,238328,72990,165338,206368,47390,158978,31960,25600,6360
202011,安平港,144063,53150,90913,132969,53150,79819,11094,0,11094
202012,國際商港,18830277,4839282,13990995,13647662,3202077,10445585,5182615,1637205,3545410
202012,基隆港,1440007,549027,890980,1098495,486545,611950,341512,62482,279030
202012,臺中港,5874355,1552407,4321948,5021642,1349848,3671794,852713,202559,650154
202012,高雄港,8562967,1673169,6889798,5575144,972328,4602816,2987823,700841,2286982
202012,花蓮港,881297,596426,284871,267591,13800,253791,613706,582626,31080
202012,臺北港,1638633,318344,1320289,1288618,247393,1041225,350015,70951,279064
202012,蘇澳港,281909,72342,209567,252219,54702,197517,29690,17640,12050
202012,安平港,151109,77567,73542,143953,77461,66492,7156,106,7050
202101,國際商港,21156697,5404693,15752004,15456270,3693401,11762869,5700427,1711292,3989135
202101,基隆港,1410494,546766,863728,1097687,473140,624547,312807,73626,239181
202101,臺中港,5897939,1403777,4494162,5052813,1259270,3793543,845126,144507,700619
202101,高雄港,10533904,2294943,8238961,7205067,1564430,5640637,3328837,730513,2598324
202101,花蓮港,909679,595542,314137,227728,10527,217201,681951,585015,96936
202101,臺北港,1898876,382414,1516462,1493517,288284,1205233,405359,94130,311229
202101,蘇澳港,353823,121451,232372,240852,37950,202902,112971,83501,29470
202101,安平港,151982,59800,92182,138606,59800,78806,13376,0,13376
